timeStamp,elapsed,label,responseCode,responseMessage,threadName,success,failureMessage,bytes,sentBytes,grpThreads,allThreads,URL,Latency,IdleTime,Connect,"uuid"
1603133727878,71,UC4 receive order,202,HTTP/1.1 202,UC4 4-1,true,,435,0,1,5,http://swa-kovacs-vm1.cs.univie.ac.at/apigate/stores/201/orders/113?call_back=http://swa-gabrielkovacs.cs.univie.ac.at/webhook/data,67,0,0,e3687e7f-b146-4a82-a129-a4005380a91d
1603133727878,84,UC5 show stock report,202,HTTP/1.1 202,UC5 1-1,true,,381,0,1,5,http://swa-kovacs-vm1.cs.univie.ac.at/apigate/stores/200/stock-item-reports?call_back=http://swa-gabrielkovacs.cs.univie.ac.at/webhook/data,65,0,0,53763bbb-33e4-400e-ab65-79425554175e
1603133727878,72,UC6 delivery reports,202,HTTP/1.1 202,UC6 5-1,true,,380,0,1,5,http://swa-kovacs-vm1.cs.univie.ac.at/apigate/enterprises/901/delivery-reports?call_back=http://swa-gabrielkovacs.cs.univie.ac.at/webhook/data,68,0,0,4a90dc3b-533f-437c-a056-625290813a7d
1603133727878,77,UC7 change price,202,HTTP/1.1 202,UC7 2-1,true,,481,0,1,5,http://swa-kovacs-vm1.cs.univie.ac.at/apigate/stores/200/stockitems/300?call_back=http://swa-gabrielkovacs.cs.univie.ac.at/webhook/data,63,0,0,13d749d4-563f-42ea-8b26-70a127391cab
1603133727878,71,UC3 order products,202,HTTP/1.1 202,UC3 3-1,true,,416,0,1,5,http://swa-kovacs-vm1.cs.univie.ac.at/apigate/stores/201/orders?call_back=http://swa-gabrielkovacs.cs.univie.ac.at/webhook/data,68,0,0,44f56107-baa8-4eef-aef9-1d15f3b4cbca
1603133728269,45,UC6 delivery reports,202,HTTP/1.1 202,UC6 5-1,true,,380,0,1,5,http://swa-kovacs-vm1.cs.univie.ac.at/apigate/enterprises/901/delivery-reports?call_back=http://swa-gabrielkovacs.cs.univie.ac.at/webhook/data,44,0,0,19acfa37-2eca-4869-af47-afa375373633
1603133728267,46,UC3 order products,202,HTTP/1.1 202,UC3 3-1,true,,416,0,1,5,http://swa-kovacs-vm1.cs.univie.ac.at/apigate/stores/201/orders?call_back=http://swa-gabrielkovacs.cs.univie.ac.at/webhook/data,40,0,0,f8929f57-985f-4f65-9ff5-b4deb54e946e
1603133728268,58,UC5 show stock report,202,HTTP/1.1 202,UC5 1-1,true,,381,0,1,5,http://swa-kovacs-vm1.cs.univie.ac.at/apigate/stores/200/stock-item-reports?call_back=http://swa-gabrielkovacs.cs.univie.ac.at/webhook/data,56,0,0,5a7af0fc-09a1-431b-ab2a-91b0fd5e69c9
1603133728265,64,UC4 receive order,202,HTTP/1.1 202,UC4 4-1,true,,435,0,1,5,http://swa-kovacs-vm1.cs.univie.ac.at/apigate/stores/201/orders/113?call_back=http://swa-gabrielkovacs.cs.univie.ac.at/webhook/data,60,0,0,d14304f0-74a8-42d3-9ade-bdf9d76c6ed3
1603133728267,62,UC7 change price,202,HTTP/1.1 202,UC7 2-1,true,,481,0,1,5,http://swa-kovacs-vm1.cs.univie.ac.at/apigate/stores/200/stockitems/300?call_back=http://swa-gabrielkovacs.cs.univie.ac.at/webhook/data,61,0,0,a2814e36-5841-457b-b44d-142df2a1560d
1603133728615,19,UC3 order products,202,HTTP/1.1 202,UC3 3-1,true,,416,0,1,5,http://swa-kovacs-vm1.cs.univie.ac.at/apigate/stores/201/orders?call_back=http://swa-gabrielkovacs.cs.univie.ac.at/webhook/data,17,0,0,cf8dbbcd-d3c5-499a-a9d4-5576a517c6e2
1603133728615,38,UC6 delivery reports,202,HTTP/1.1 202,UC6 5-1,true,,380,0,1,5,http://swa-kovacs-vm1.cs.univie.ac.at/apigate/enterprises/901/delivery-reports?call_back=http://swa-gabrielkovacs.cs.univie.ac.at/webhook/data,37,0,0,ab0953f1-875e-416e-b6da-2f7ccd8898ac
1603133728628,32,UC5 show stock report,202,HTTP/1.1 202,UC5 1-1,true,,381,0,1,5,http://swa-kovacs-vm1.cs.univie.ac.at/apigate/stores/200/stock-item-reports?call_back=http://swa-gabrielkovacs.cs.univie.ac.at/webhook/data,32,0,0,c7065362-779b-41a1-b838-529c30391b0b
1603133728631,34,UC7 change price,202,HTTP/1.1 202,UC7 2-1,true,,481,0,1,5,http://swa-kovacs-vm1.cs.univie.ac.at/apigate/stores/200/stockitems/300?call_back=http://swa-gabrielkovacs.cs.univie.ac.at/webhook/data,33,0,0,b2264d70-f2b7-47ca-ae49-82f96ab35a62
1603133728630,39,UC4 receive order,202,HTTP/1.1 202,UC4 4-1,true,,435,0,1,5,http://swa-kovacs-vm1.cs.univie.ac.at/apigate/stores/201/orders/113?call_back=http://swa-gabrielkovacs.cs.univie.ac.at/webhook/data,39,0,0,b1816840-3e26-4805-bf49-d5709db299c8
1603133728935,17,UC3 order products,202,HTTP/1.1 202,UC3 3-1,true,,416,0,1,5,http://swa-kovacs-vm1.cs.univie.ac.at/apigate/stores/201/orders?call_back=http://swa-gabrielkovacs.cs.univie.ac.at/webhook/data,17,0,0,89d7be1e-f954-4376-aa75-54796c896829
1603133728954,20,UC6 delivery reports,202,HTTP/1.1 202,UC6 5-1,true,,380,0,1,5,http://swa-kovacs-vm1.cs.univie.ac.at/apigate/enterprises/901/delivery-reports?call_back=http://swa-gabrielkovacs.cs.univie.ac.at/webhook/data,20,0,0,4eadbdf9-ede3-4df4-a491-b232d1eadec9
1603133728970,21,UC4 receive order,202,HTTP/1.1 202,UC4 4-1,true,,435,0,1,5,http://swa-kovacs-vm1.cs.univie.ac.at/apigate/stores/201/orders/113?call_back=http://swa-gabrielkovacs.cs.univie.ac.at/webhook/data,21,0,0,216caa7b-a491-4934-aef1-b605b4b48f0c
1603133728961,31,UC5 show stock report,202,HTTP/1.1 202,UC5 1-1,true,,381,0,1,5,http://swa-kovacs-vm1.cs.univie.ac.at/apigate/stores/200/stock-item-reports?call_back=http://swa-gabrielkovacs.cs.univie.ac.at/webhook/data,31,0,0,62bad1d9-9ffa-4cf5-8918-22f127d0281c
1603133728966,29,UC7 change price,202,HTTP/1.1 202,UC7 2-1,true,,481,0,1,5,http://swa-kovacs-vm1.cs.univie.ac.at/apigate/stores/200/stockitems/300?call_back=http://swa-gabrielkovacs.cs.univie.ac.at/webhook/data,28,0,0,7f7d2af9-b4ab-44ec-8604-e004c3b3dd13
1603133729255,15,UC3 order products,202,HTTP/1.1 202,UC3 3-1,true,,416,0,1,5,http://swa-kovacs-vm1.cs.univie.ac.at/apigate/stores/201/orders?call_back=http://swa-gabrielkovacs.cs.univie.ac.at/webhook/data,15,0,0,dd9d617f-f7d0-4537-adba-032ff112e9b4
1603133729278,15,UC6 delivery reports,202,HTTP/1.1 202,UC6 5-1,true,,380,0,1,5,http://swa-kovacs-vm1.cs.univie.ac.at/apigate/enterprises/901/delivery-reports?call_back=http://swa-gabrielkovacs.cs.univie.ac.at/webhook/data,15,0,0,fdb29c07-cbab-4fd0-80df-33d3cebfea82
1603133729292,35,UC4 receive order,202,HTTP/1.1 202,UC4 4-1,true,,435,0,1,5,http://swa-kovacs-vm1.cs.univie.ac.at/apigate/stores/201/orders/113?call_back=http://swa-gabrielkovacs.cs.univie.ac.at/webhook/data,33,0,0,e3853a8e-862b-4ed1-b66b-b97b73e435cd
1603133729296,34,UC7 change price,202,HTTP/1.1 202,UC7 2-1,true,,481,0,1,5,http://swa-kovacs-vm1.cs.univie.ac.at/apigate/stores/200/stockitems/300?call_back=http://swa-gabrielkovacs.cs.univie.ac.at/webhook/data,33,0,0,6923b232-c607-47d2-b005-0352cdb66270
1603133729293,38,UC5 show stock report,202,HTTP/1.1 202,UC5 1-1,true,,381,0,1,5,http://swa-kovacs-vm1.cs.univie.ac.at/apigate/stores/200/stock-item-reports?call_back=http://swa-gabrielkovacs.cs.univie.ac.at/webhook/data,29,0,0,1aa5da01-74aa-4d3e-a33d-3b528e78091a
1603133729572,19,UC3 order products,202,HTTP/1.1 202,UC3 3-1,true,,416,0,1,5,http://swa-kovacs-vm1.cs.univie.ac.at/apigate/stores/201/orders?call_back=http://swa-gabrielkovacs.cs.univie.ac.at/webhook/data,19,0,0,ea617bc9-7ae2-41b9-8db7-fbd9ff9e2aae
1603133729594,14,UC6 delivery reports,202,HTTP/1.1 202,UC6 5-1,true,,380,0,1,5,http://swa-kovacs-vm1.cs.univie.ac.at/apigate/enterprises/901/delivery-reports?call_back=http://swa-gabrielkovacs.cs.univie.ac.at/webhook/data,13,0,0,57035020-ba9e-4d1f-897a-436400524405
1603133729631,26,UC7 change price,202,HTTP/1.1 202,UC7 2-1,true,,481,0,1,5,http://swa-kovacs-vm1.cs.univie.ac.at/apigate/stores/200/stockitems/300?call_back=http://swa-gabrielkovacs.cs.univie.ac.at/webhook/data,26,0,0,99931a98-8fe7-4ee1-b799-3c9fe43f6c4f
1603133729628,30,UC4 receive order,202,HTTP/1.1 202,UC4 4-1,true,,435,0,1,5,http://swa-kovacs-vm1.cs.univie.ac.at/apigate/stores/201/orders/113?call_back=http://swa-gabrielkovacs.cs.univie.ac.at/webhook/data,27,0,0,4090748e-d357-4e60-8516-e34b8c283f63
1603133729632,28,UC5 show stock report,202,HTTP/1.1 202,UC5 1-1,true,,381,0,1,5,http://swa-kovacs-vm1.cs.univie.ac.at/apigate/stores/200/stock-item-reports?call_back=http://swa-gabrielkovacs.cs.univie.ac.at/webhook/data,27,0,0,5014be67-5c1b-4b25-88a0-2fc5b1f333a6
1603133729892,14,UC3 order products,202,HTTP/1.1 202,UC3 3-1,true,,416,0,1,5,http://swa-kovacs-vm1.cs.univie.ac.at/apigate/stores/201/orders?call_back=http://swa-gabrielkovacs.cs.univie.ac.at/webhook/data,14,0,0,65d47bb0-a7b8-4d5a-a229-06ad764a5f9a
1603133729909,15,UC6 delivery reports,202,HTTP/1.1 202,UC6 5-1,true,,380,0,1,5,http://swa-kovacs-vm1.cs.univie.ac.at/apigate/enterprises/901/delivery-reports?call_back=http://swa-gabrielkovacs.cs.univie.ac.at/webhook/data,14,0,0,867f7af0-b6a5-4a1e-a517-ea6e75b60388
1603133729960,21,UC5 show stock report,202,HTTP/1.1 202,UC5 1-1,true,,381,0,1,5,http://swa-kovacs-vm1.cs.univie.ac.at/apigate/stores/200/stock-item-reports?call_back=http://swa-gabrielkovacs.cs.univie.ac.at/webhook/data,18,0,0,d17cd017-18dd-4953-a195-8bc217603968
1603133729959,27,UC4 receive order,202,HTTP/1.1 202,UC4 4-1,true,,435,0,1,5,http://swa-kovacs-vm1.cs.univie.ac.at/apigate/stores/201/orders/113?call_back=http://swa-gabrielkovacs.cs.univie.ac.at/webhook/data,27,0,0,51761a3f-6f87-4c38-9b25-73d3f8432db6
1603133729958,31,UC7 change price,202,HTTP/1.1 202,UC7 2-1,true,,481,0,1,5,http://swa-kovacs-vm1.cs.univie.ac.at/apigate/stores/200/stockitems/300?call_back=http://swa-gabrielkovacs.cs.univie.ac.at/webhook/data,31,0,0,09095bd6-9ad3-4670-b944-48cb6430642e
1603133730207,15,UC3 order products,202,HTTP/1.1 202,UC3 3-1,true,,416,0,1,5,http://swa-kovacs-vm1.cs.univie.ac.at/apigate/stores/201/orders?call_back=http://swa-gabrielkovacs.cs.univie.ac.at/webhook/data,14,0,0,31c9d256-9d0c-4aa1-a201-184c94818f2a
1603133730225,13,UC6 delivery reports,202,HTTP/1.1 202,UC6 5-1,true,,380,0,1,5,http://swa-kovacs-vm1.cs.univie.ac.at/apigate/enterprises/901/delivery-reports?call_back=http://swa-gabrielkovacs.cs.univie.ac.at/webhook/data,13,0,0,7452e930-c9a9-4379-889e-04ce2fabc92d
1603133730289,25,UC7 change price,202,HTTP/1.1 202,UC7 2-1,true,,481,0,1,5,http://swa-kovacs-vm1.cs.univie.ac.at/apigate/stores/200/stockitems/300?call_back=http://swa-gabrielkovacs.cs.univie.ac.at/webhook/data,24,0,0,d53a7141-4bd4-448c-9c0b-9b4065d4896e
1603133730282,36,UC5 show stock report,202,HTTP/1.1 202,UC5 1-1,true,,381,0,1,5,http://swa-kovacs-vm1.cs.univie.ac.at/apigate/stores/200/stock-item-reports?call_back=http://swa-gabrielkovacs.cs.univie.ac.at/webhook/data,35,0,0,feabf88f-8c91-49f2-bfdc-d80018298e34
1603133730287,36,UC4 receive order,202,HTTP/1.1 202,UC4 4-1,true,,435,0,1,5,http://swa-kovacs-vm1.cs.univie.ac.at/apigate/stores/201/orders/113?call_back=http://swa-gabrielkovacs.cs.univie.ac.at/webhook/data,36,0,0,d13a4b25-a47b-4c11-8b7f-c216437b9db4
1603133730525,17,UC3 order products,202,HTTP/1.1 202,UC3 3-1,true,,416,0,1,5,http://swa-kovacs-vm1.cs.univie.ac.at/apigate/stores/201/orders?call_back=http://swa-gabrielkovacs.cs.univie.ac.at/webhook/data,17,0,0,f4c49347-bc5d-4992-9231-f2234cbd72d5
1603133730539,27,UC6 delivery reports,202,HTTP/1.1 202,UC6 5-1,true,,380,0,1,5,http://swa-kovacs-vm1.cs.univie.ac.at/apigate/enterprises/901/delivery-reports?call_back=http://swa-gabrielkovacs.cs.univie.ac.at/webhook/data,27,0,0,9b8d90d3-11e4-4aca-80de-8f05045735f0
1603133730619,27,UC5 show stock report,202,HTTP/1.1 202,UC5 1-1,true,,381,0,1,5,http://swa-kovacs-vm1.cs.univie.ac.at/apigate/stores/200/stock-item-reports?call_back=http://swa-gabrielkovacs.cs.univie.ac.at/webhook/data,27,0,0,8e9af03c-ed48-41a9-8026-2fe477b23fb5
1603133730615,33,UC7 change price,202,HTTP/1.1 202,UC7 2-1,true,,481,0,1,5,http://swa-kovacs-vm1.cs.univie.ac.at/apigate/stores/200/stockitems/300?call_back=http://swa-gabrielkovacs.cs.univie.ac.at/webhook/data,27,0,0,989383ef-3e51-4313-ac5d-bb1ec81ed091
1603133730627,26,UC4 receive order,202,HTTP/1.1 202,UC4 4-1,true,,435,0,1,5,http://swa-kovacs-vm1.cs.univie.ac.at/apigate/stores/201/orders/113?call_back=http://swa-gabrielkovacs.cs.univie.ac.at/webhook/data,26,0,0,885345c4-46e3-42e6-a577-606819fe9ced
1603133730843,16,UC3 order products,202,HTTP/1.1 202,UC3 3-1,true,,416,0,1,5,http://swa-kovacs-vm1.cs.univie.ac.at/apigate/stores/201/orders?call_back=http://swa-gabrielkovacs.cs.univie.ac.at/webhook/data,16,0,0,234c3c96-ccb3-4efb-a2e9-8fc211f79516
1603133730867,14,UC6 delivery reports,202,HTTP/1.1 202,UC6 5-1,true,,380,0,1,5,http://swa-kovacs-vm1.cs.univie.ac.at/apigate/enterprises/901/delivery-reports?call_back=http://swa-gabrielkovacs.cs.univie.ac.at/webhook/data,14,0,0,34619b37-6fbd-4263-84af-20efdac3ffe4
1603133730954,18,UC4 receive order,202,HTTP/1.1 202,UC4 4-1,true,,435,0,1,5,http://swa-kovacs-vm1.cs.univie.ac.at/apigate/stores/201/orders/113?call_back=http://swa-gabrielkovacs.cs.univie.ac.at/webhook/data,18,0,0,5d1b8d53-6b6e-4431-a7ce-fa5372541da9
1603133730948,26,UC7 change price,202,HTTP/1.1 202,UC7 2-1,true,,481,0,1,5,http://swa-kovacs-vm1.cs.univie.ac.at/apigate/stores/200/stockitems/300?call_back=http://swa-gabrielkovacs.cs.univie.ac.at/webhook/data,25,0,0,62f9bb4a-c904-4785-bf10-cb81141de98b
1603133730947,34,UC5 show stock report,202,HTTP/1.1 202,UC5 1-1,true,,381,0,1,5,http://swa-kovacs-vm1.cs.univie.ac.at/apigate/stores/200/stock-item-reports?call_back=http://swa-gabrielkovacs.cs.univie.ac.at/webhook/data,34,0,0,9c270345-7179-4052-8aa0-e225e0ab59ec
1603133731160,16,UC3 order products,202,HTTP/1.1 202,UC3 3-1,true,,416,0,1,5,http://swa-kovacs-vm1.cs.univie.ac.at/apigate/stores/201/orders?call_back=http://swa-gabrielkovacs.cs.univie.ac.at/webhook/data,16,0,0,31f7aa64-ee47-4a9b-8ef5-e46e3a8f8889
1603133731182,16,UC6 delivery reports,202,HTTP/1.1 202,UC6 5-1,true,,380,0,1,5,http://swa-kovacs-vm1.cs.univie.ac.at/apigate/enterprises/901/delivery-reports?call_back=http://swa-gabrielkovacs.cs.univie.ac.at/webhook/data,16,0,0,0fac517d-d04c-4443-9483-ed21ec25d91f
1603133731273,30,UC4 receive order,202,HTTP/1.1 202,UC4 4-1,true,,435,0,1,5,http://swa-kovacs-vm1.cs.univie.ac.at/apigate/stores/201/orders/113?call_back=http://swa-gabrielkovacs.cs.univie.ac.at/webhook/data,28,0,0,7b4cd7cf-97ea-4ce5-b98d-ccd7e95dfcbf
1603133731275,29,UC7 change price,202,HTTP/1.1 202,UC7 2-1,true,,481,0,1,5,http://swa-kovacs-vm1.cs.univie.ac.at/apigate/stores/200/stockitems/300?call_back=http://swa-gabrielkovacs.cs.univie.ac.at/webhook/data,23,0,0,33613ae4-f878-4e36-9154-57d5340fd824
1603133731282,22,UC5 show stock report,202,HTTP/1.1 202,UC5 1-1,true,,381,0,1,5,http://swa-kovacs-vm1.cs.univie.ac.at/apigate/stores/200/stock-item-reports?call_back=http://swa-gabrielkovacs.cs.univie.ac.at/webhook/data,22,0,0,6d43fc23-1a6e-4563-9dc3-16ce634612d0
1603133731477,18,UC3 order products,202,HTTP/1.1 202,UC3 3-1,true,,416,0,1,5,http://swa-kovacs-vm1.cs.univie.ac.at/apigate/stores/201/orders?call_back=http://swa-gabrielkovacs.cs.univie.ac.at/webhook/data,17,0,0,d0f0945b-5d6e-4729-81fe-5c41f621686b
1603133731502,16,UC6 delivery reports,202,HTTP/1.1 202,UC6 5-1,true,,380,0,1,5,http://swa-kovacs-vm1.cs.univie.ac.at/apigate/enterprises/901/delivery-reports?call_back=http://swa-gabrielkovacs.cs.univie.ac.at/webhook/data,15,0,0,78ee5fe3-9e90-4d8c-a366-d86faf32379b
1603133731605,22,UC5 show stock report,202,HTTP/1.1 202,UC5 1-1,true,,381,0,1,5,http://swa-kovacs-vm1.cs.univie.ac.at/apigate/stores/200/stock-item-reports?call_back=http://swa-gabrielkovacs.cs.univie.ac.at/webhook/data,22,0,0,bbb000aa-7d9a-4e88-b6ee-3b156b8cfe67
1603133731604,25,UC4 receive order,202,HTTP/1.1 202,UC4 4-1,true,,435,0,1,5,http://swa-kovacs-vm1.cs.univie.ac.at/apigate/stores/201/orders/113?call_back=http://swa-gabrielkovacs.cs.univie.ac.at/webhook/data,22,0,0,09316024-d840-41cd-9785-c2a8a744f102
1603133731605,30,UC7 change price,202,HTTP/1.1 202,UC7 2-1,true,,481,0,1,5,http://swa-kovacs-vm1.cs.univie.ac.at/apigate/stores/200/stockitems/300?call_back=http://swa-gabrielkovacs.cs.univie.ac.at/webhook/data,29,0,0,e05d6567-9283-4444-a53b-d2ac1b16b435
1603133731796,14,UC3 order products,202,HTTP/1.1 202,UC3 3-1,true,,416,0,1,5,http://swa-kovacs-vm1.cs.univie.ac.at/apigate/stores/201/orders?call_back=http://swa-gabrielkovacs.cs.univie.ac.at/webhook/data,14,0,0,7a354574-e3b6-4f71-95c0-43b34b615e43
1603133731819,14,UC6 delivery reports,202,HTTP/1.1 202,UC6 5-1,true,,380,0,1,5,http://swa-kovacs-vm1.cs.univie.ac.at/apigate/enterprises/901/delivery-reports?call_back=http://swa-gabrielkovacs.cs.univie.ac.at/webhook/data,14,0,0,844411df-ea74-4212-94e5-4cbe80eef8ad
1603133731930,21,UC4 receive order,202,HTTP/1.1 202,UC4 4-1,true,,435,0,1,5,http://swa-kovacs-vm1.cs.univie.ac.at/apigate/stores/201/orders/113?call_back=http://swa-gabrielkovacs.cs.univie.ac.at/webhook/data,21,0,0,4e2f9e71-645c-4a85-a4e3-b07cb515aa5a
1603133731928,24,UC5 show stock report,202,HTTP/1.1 202,UC5 1-1,true,,381,0,1,5,http://swa-kovacs-vm1.cs.univie.ac.at/apigate/stores/200/stock-item-reports?call_back=http://swa-gabrielkovacs.cs.univie.ac.at/webhook/data,22,0,0,d0e23a3c-884b-45de-b30b-bcb0ab3ea774
1603133731936,24,UC7 change price,202,HTTP/1.1 202,UC7 2-1,true,,481,0,1,5,http://swa-kovacs-vm1.cs.univie.ac.at/apigate/stores/200/stockitems/300?call_back=http://swa-gabrielkovacs.cs.univie.ac.at/webhook/data,24,0,0,12cb335f-d541-48ee-b8a9-bbaf3e04c2ef
1603133732111,15,UC3 order products,202,HTTP/1.1 202,UC3 3-1,true,,416,0,1,5,http://swa-kovacs-vm1.cs.univie.ac.at/apigate/stores/201/orders?call_back=http://swa-gabrielkovacs.cs.univie.ac.at/webhook/data,15,0,0,b927ccfb-53f7-4bee-ab21-8cf3442cb9a3
1603133732134,15,UC6 delivery reports,202,HTTP/1.1 202,UC6 5-1,true,,380,0,1,5,http://swa-kovacs-vm1.cs.univie.ac.at/apigate/enterprises/901/delivery-reports?call_back=http://swa-gabrielkovacs.cs.univie.ac.at/webhook/data,15,0,0,6c2fb0b5-eb93-4adb-a806-e455532af0bc
1603133732253,16,UC5 show stock report,202,HTTP/1.1 202,UC5 1-1,true,,381,0,1,5,http://swa-kovacs-vm1.cs.univie.ac.at/apigate/stores/200/stock-item-reports?call_back=http://swa-gabrielkovacs.cs.univie.ac.at/webhook/data,16,0,0,cca32ca4-8d26-4407-9ba1-ac3842b414a0
1603133732252,25,UC4 receive order,202,HTTP/1.1 202,UC4 4-1,true,,435,0,1,5,http://swa-kovacs-vm1.cs.univie.ac.at/apigate/stores/201/orders/113?call_back=http://swa-gabrielkovacs.cs.univie.ac.at/webhook/data,25,0,0,597ffad8-a843-4885-b686-c2a07da65067
1603133732261,22,UC7 change price,202,HTTP/1.1 202,UC7 2-1,true,,481,0,1,5,http://swa-kovacs-vm1.cs.univie.ac.at/apigate/stores/200/stockitems/300?call_back=http://swa-gabrielkovacs.cs.univie.ac.at/webhook/data,22,0,0,acda2ded-6748-4d35-a001-385b5cde8f40
1603133732427,15,UC3 order products,202,HTTP/1.1 202,UC3 3-1,true,,416,0,1,5,http://swa-kovacs-vm1.cs.univie.ac.at/apigate/stores/201/orders?call_back=http://swa-gabrielkovacs.cs.univie.ac.at/webhook/data,14,0,0,e6cbe293-af8c-47b5-be49-963ded3fc0ad
1603133732451,13,UC6 delivery reports,202,HTTP/1.1 202,UC6 5-1,true,,380,0,1,5,http://swa-kovacs-vm1.cs.univie.ac.at/apigate/enterprises/901/delivery-reports?call_back=http://swa-gabrielkovacs.cs.univie.ac.at/webhook/data,13,0,0,a30e5c20-b27f-4c4d-9fe9-cd9217c07885
1603133732578,20,UC4 receive order,202,HTTP/1.1 202,UC4 4-1,true,,435,0,1,5,http://swa-kovacs-vm1.cs.univie.ac.at/apigate/stores/201/orders/113?call_back=http://swa-gabrielkovacs.cs.univie.ac.at/webhook/data,19,0,0,92447b5d-ff2e-42a0-9b4d-01c7f5d2051e
1603133732570,30,UC5 show stock report,202,HTTP/1.1 202,UC5 1-1,true,,381,0,1,5,http://swa-kovacs-vm1.cs.univie.ac.at/apigate/stores/200/stock-item-reports?call_back=http://swa-gabrielkovacs.cs.univie.ac.at/webhook/data,29,0,0,dbf5d31d-a697-438a-9ff5-0d612bdad10b
1603133732584,23,UC7 change price,202,HTTP/1.1 202,UC7 2-1,true,,481,0,1,5,http://swa-kovacs-vm1.cs.univie.ac.at/apigate/stores/200/stockitems/300?call_back=http://swa-gabrielkovacs.cs.univie.ac.at/webhook/data,23,0,0,545760bd-8c0d-4567-b890-c497327d853a
1603133732743,15,UC3 order products,202,HTTP/1.1 202,UC3 3-1,true,,416,0,1,5,http://swa-kovacs-vm1.cs.univie.ac.at/apigate/stores/201/orders?call_back=http://swa-gabrielkovacs.cs.univie.ac.at/webhook/data,15,0,0,b57dcb07-4495-410e-8d60-66bf143bdfb5
1603133732765,13,UC6 delivery reports,202,HTTP/1.1 202,UC6 5-1,true,,380,0,1,5,http://swa-kovacs-vm1.cs.univie.ac.at/apigate/enterprises/901/delivery-reports?call_back=http://swa-gabrielkovacs.cs.univie.ac.at/webhook/data,13,0,0,43c4bdf4-b0bb-4cbd-855b-a1a4cc306392
1603133732899,19,UC4 receive order,202,HTTP/1.1 202,UC4 4-1,true,,435,0,1,5,http://swa-kovacs-vm1.cs.univie.ac.at/apigate/stores/201/orders/113?call_back=http://swa-gabrielkovacs.cs.univie.ac.at/webhook/data,18,0,0,0184d7f2-7459-406f-8b4e-2947f6fefed8
1603133732908,19,UC7 change price,202,HTTP/1.1 202,UC7 2-1,true,,481,0,1,5,http://swa-kovacs-vm1.cs.univie.ac.at/apigate/stores/200/stockitems/300?call_back=http://swa-gabrielkovacs.cs.univie.ac.at/webhook/data,18,0,0,1c86417d-51d5-4180-9d5f-66cebf5a0758
1603133732900,30,UC5 show stock report,202,HTTP/1.1 202,UC5 1-1,true,,381,0,1,5,http://swa-kovacs-vm1.cs.univie.ac.at/apigate/stores/200/stock-item-reports?call_back=http://swa-gabrielkovacs.cs.univie.ac.at/webhook/data,29,0,0,5f99a134-def8-424f-af17-c311aba43af0
1603133733059,18,UC3 order products,202,HTTP/1.1 202,UC3 3-1,true,,416,0,1,5,http://swa-kovacs-vm1.cs.univie.ac.at/apigate/stores/201/orders?call_back=http://swa-gabrielkovacs.cs.univie.ac.at/webhook/data,18,0,0,171852f0-e6a4-42c6-8f17-9e230871fa1d
1603133733079,18,UC6 delivery reports,202,HTTP/1.1 202,UC6 5-1,true,,380,0,1,5,http://swa-kovacs-vm1.cs.univie.ac.at/apigate/enterprises/901/delivery-reports?call_back=http://swa-gabrielkovacs.cs.univie.ac.at/webhook/data,17,0,0,f519552b-0e2a-4817-852e-80eb743ee568
1603133733218,25,UC4 receive order,202,HTTP/1.1 202,UC4 4-1,true,,435,0,1,5,http://swa-kovacs-vm1.cs.univie.ac.at/apigate/stores/201/orders/113?call_back=http://swa-gabrielkovacs.cs.univie.ac.at/webhook/data,19,0,0,32ce2338-3944-4e16-abe4-fa8a44528a80
1603133733230,18,UC5 show stock report,202,HTTP/1.1 202,UC5 1-1,true,,381,0,1,5,http://swa-kovacs-vm1.cs.univie.ac.at/apigate/stores/200/stock-item-reports?call_back=http://swa-gabrielkovacs.cs.univie.ac.at/webhook/data,17,0,0,4565c699-f129-467b-be46-216903e4ac7d
1603133733227,26,UC7 change price,202,HTTP/1.1 202,UC7 2-1,true,,481,0,1,5,http://swa-kovacs-vm1.cs.univie.ac.at/apigate/stores/200/stockitems/300?call_back=http://swa-gabrielkovacs.cs.univie.ac.at/webhook/data,26,0,0,098311e0-d6b9-4719-8676-77e136345c7f
1603133733378,15,UC3 order products,202,HTTP/1.1 202,UC3 3-1,true,,416,0,1,5,http://swa-kovacs-vm1.cs.univie.ac.at/apigate/stores/201/orders?call_back=http://swa-gabrielkovacs.cs.univie.ac.at/webhook/data,15,0,0,9c7ff3ad-6f2f-47f0-b694-e4f1b4593fd9
1603133733398,13,UC6 delivery reports,202,HTTP/1.1 202,UC6 5-1,true,,380,0,1,5,http://swa-kovacs-vm1.cs.univie.ac.at/apigate/enterprises/901/delivery-reports?call_back=http://swa-gabrielkovacs.cs.univie.ac.at/webhook/data,13,0,0,8bbcdbbd-dff1-40a6-adb0-2f6bfeed30de
1603133733544,25,UC4 receive order,202,HTTP/1.1 202,UC4 4-1,true,,435,0,1,5,http://swa-kovacs-vm1.cs.univie.ac.at/apigate/stores/201/orders/113?call_back=http://swa-gabrielkovacs.cs.univie.ac.at/webhook/data,24,0,0,0a86f11a-4d8b-4762-abd1-992362147755
1603133733549,21,UC5 show stock report,202,HTTP/1.1 202,UC5 1-1,true,,381,0,1,5,http://swa-kovacs-vm1.cs.univie.ac.at/apigate/stores/200/stock-item-reports?call_back=http://swa-gabrielkovacs.cs.univie.ac.at/webhook/data,20,0,0,0ee5eb65-b7c1-4804-82dd-000a5e5e2e23
1603133733555,23,UC7 change price,202,HTTP/1.1 202,UC7 2-1,true,,481,0,1,5,http://swa-kovacs-vm1.cs.univie.ac.at/apigate/stores/200/stockitems/300?call_back=http://swa-gabrielkovacs.cs.univie.ac.at/webhook/data,23,0,0,21b27cbf-fd7d-4d27-b9eb-924687335863
1603133733693,15,UC3 order products,202,HTTP/1.1 202,UC3 3-1,true,,416,0,1,5,http://swa-kovacs-vm1.cs.univie.ac.at/apigate/stores/201/orders?call_back=http://swa-gabrielkovacs.cs.univie.ac.at/webhook/data,15,0,0,f615e5f6-5639-4df2-bf2a-8447949a1324
1603133733712,13,UC6 delivery reports,202,HTTP/1.1 202,UC6 5-1,true,,380,0,1,5,http://swa-kovacs-vm1.cs.univie.ac.at/apigate/enterprises/901/delivery-reports?call_back=http://swa-gabrielkovacs.cs.univie.ac.at/webhook/data,13,0,0,e94ca6e9-d063-4c54-a883-31dd8faaa919
1603133733870,20,UC4 receive order,202,HTTP/1.1 202,UC4 4-1,true,,435,0,1,5,http://swa-kovacs-vm1.cs.univie.ac.at/apigate/stores/201/orders/113?call_back=http://swa-gabrielkovacs.cs.univie.ac.at/webhook/data,18,0,0,e8aa3b28-884c-43e1-b753-666ebbc14565
1603133733871,27,UC5 show stock report,202,HTTP/1.1 202,UC5 1-1,true,,381,0,1,5,http://swa-kovacs-vm1.cs.univie.ac.at/apigate/stores/200/stock-item-reports?call_back=http://swa-gabrielkovacs.cs.univie.ac.at/webhook/data,22,0,0,778a6741-8b18-4848-ac8c-508945376e46
1603133733879,20,UC7 change price,202,HTTP/1.1 202,UC7 2-1,true,,481,0,1,5,http://swa-kovacs-vm1.cs.univie.ac.at/apigate/stores/200/stockitems/300?call_back=http://swa-gabrielkovacs.cs.univie.ac.at/webhook/data,19,0,0,d607ff16-f6c5-4b32-a211-04d53ac8c436
1603133734009,13,UC3 order products,202,HTTP/1.1 202,UC3 3-1,true,,416,0,1,5,http://swa-kovacs-vm1.cs.univie.ac.at/apigate/stores/201/orders?call_back=http://swa-gabrielkovacs.cs.univie.ac.at/webhook/data,13,0,0,6e57dea8-cec5-4d3d-9fb0-8d558b5ce57c
1603133734026,13,UC6 delivery reports,202,HTTP/1.1 202,UC6 5-1,true,,380,0,1,5,http://swa-kovacs-vm1.cs.univie.ac.at/apigate/enterprises/901/delivery-reports?call_back=http://swa-gabrielkovacs.cs.univie.ac.at/webhook/data,13,0,0,118ce55a-dad4-4806-8a50-8dde4624cbcc
1603133734199,25,UC5 show stock report,202,HTTP/1.1 202,UC5 1-1,true,,381,0,1,5,http://swa-kovacs-vm1.cs.univie.ac.at/apigate/stores/200/stock-item-reports?call_back=http://swa-gabrielkovacs.cs.univie.ac.at/webhook/data,25,0,0,0c491c99-6e1c-4cca-b6a7-94af7a43aa95
1603133734202,23,UC7 change price,202,HTTP/1.1 202,UC7 2-1,true,,481,0,1,5,http://swa-kovacs-vm1.cs.univie.ac.at/apigate/stores/200/stockitems/300?call_back=http://swa-gabrielkovacs.cs.univie.ac.at/webhook/data,21,0,0,d2735d34-90b5-42ca-b452-7d00cd67eeee
1603133734191,35,UC4 receive order,202,HTTP/1.1 202,UC4 4-1,true,,435,0,1,5,http://swa-kovacs-vm1.cs.univie.ac.at/apigate/stores/201/orders/113?call_back=http://swa-gabrielkovacs.cs.univie.ac.at/webhook/data,27,0,0,c4fc27bd-9588-41cb-b1d1-a84de1dbeaa1
1603133734323,24,UC3 order products,202,HTTP/1.1 202,UC3 3-1,true,,416,0,1,5,http://swa-kovacs-vm1.cs.univie.ac.at/apigate/stores/201/orders?call_back=http://swa-gabrielkovacs.cs.univie.ac.at/webhook/data,23,0,0,99801b27-a739-483c-93b4-7c25e9646e15
1603133734340,18,UC6 delivery reports,202,HTTP/1.1 202,UC6 5-1,true,,380,0,1,5,http://swa-kovacs-vm1.cs.univie.ac.at/apigate/enterprises/901/delivery-reports?call_back=http://swa-gabrielkovacs.cs.univie.ac.at/webhook/data,18,0,0,5817d8d0-a922-40c2-905b-75a031e327e0
1603133734531,21,UC5 show stock report,202,HTTP/1.1 202,UC5 1-1,true,,381,0,1,5,http://swa-kovacs-vm1.cs.univie.ac.at/apigate/stores/200/stock-item-reports?call_back=http://swa-gabrielkovacs.cs.univie.ac.at/webhook/data,20,0,0,ccfbf9c6-451d-41da-a660-2ef8ae381b2c
1603133734531,24,UC7 change price,202,HTTP/1.1 202,UC7 2-1,true,,481,0,1,5,http://swa-kovacs-vm1.cs.univie.ac.at/apigate/stores/200/stockitems/300?call_back=http://swa-gabrielkovacs.cs.univie.ac.at/webhook/data,23,0,0,412b5bee-882f-451d-ad00-6d5f3bb433cf
1603133734531,29,UC4 receive order,202,HTTP/1.1 202,UC4 4-1,true,,435,0,1,5,http://swa-kovacs-vm1.cs.univie.ac.at/apigate/stores/201/orders/113?call_back=http://swa-gabrielkovacs.cs.univie.ac.at/webhook/data,29,0,0,fb43507d-2816-40af-9760-749def2e9885
1603133734648,22,UC3 order products,202,HTTP/1.1 202,UC3 3-1,true,,416,0,1,5,http://swa-kovacs-vm1.cs.univie.ac.at/apigate/stores/201/orders?call_back=http://swa-gabrielkovacs.cs.univie.ac.at/webhook/data,21,0,0,ef057f91-14e2-42a4-b4f7-c2c3cd7b2240
1603133734659,15,UC6 delivery reports,202,HTTP/1.1 202,UC6 5-1,true,,380,0,1,5,http://swa-kovacs-vm1.cs.univie.ac.at/apigate/enterprises/901/delivery-reports?call_back=http://swa-gabrielkovacs.cs.univie.ac.at/webhook/data,15,0,0,0fba18ab-4b08-49fa-96ed-940476c721a0
1603133734853,22,UC5 show stock report,202,HTTP/1.1 202,UC5 1-1,true,,381,0,1,5,http://swa-kovacs-vm1.cs.univie.ac.at/apigate/stores/200/stock-item-reports?call_back=http://swa-gabrielkovacs.cs.univie.ac.at/webhook/data,22,0,0,f5566095-1a27-4a98-bcec-419b9e3cd887
1603133734856,22,UC7 change price,202,HTTP/1.1 202,UC7 2-1,true,,481,0,1,5,http://swa-kovacs-vm1.cs.univie.ac.at/apigate/stores/200/stockitems/300?call_back=http://swa-gabrielkovacs.cs.univie.ac.at/webhook/data,21,0,0,0ff8c8cb-776e-4adb-99dc-4af63afc0add
1603133734860,22,UC4 receive order,202,HTTP/1.1 202,UC4 4-1,true,,435,0,1,5,http://swa-kovacs-vm1.cs.univie.ac.at/apigate/stores/201/orders/113?call_back=http://swa-gabrielkovacs.cs.univie.ac.at/webhook/data,21,0,0,6e3d7ad1-55b2-4622-aff6-34f0644734d8
1603133734972,16,UC3 order products,202,HTTP/1.1 202,UC3 3-1,true,,416,0,1,5,http://swa-kovacs-vm1.cs.univie.ac.at/apigate/stores/201/orders?call_back=http://swa-gabrielkovacs.cs.univie.ac.at/webhook/data,16,0,0,cab52c9b-c7ec-421c-8b02-6c83bcfc2d62
1603133734975,20,UC6 delivery reports,202,HTTP/1.1 202,UC6 5-1,true,,380,0,1,5,http://swa-kovacs-vm1.cs.univie.ac.at/apigate/enterprises/901/delivery-reports?call_back=http://swa-gabrielkovacs.cs.univie.ac.at/webhook/data,19,0,0,14b85591-0b53-4496-8a4d-ad82393a7dc5
1603133735179,24,UC7 change price,202,HTTP/1.1 202,UC7 2-1,true,,481,0,1,5,http://swa-kovacs-vm1.cs.univie.ac.at/apigate/stores/200/stockitems/300?call_back=http://swa-gabrielkovacs.cs.univie.ac.at/webhook/data,24,0,0,639906eb-c59e-4246-87f7-7a369f237ba0
1603133735182,24,UC4 receive order,202,HTTP/1.1 202,UC4 4-1,true,,435,0,1,5,http://swa-kovacs-vm1.cs.univie.ac.at/apigate/stores/201/orders/113?call_back=http://swa-gabrielkovacs.cs.univie.ac.at/webhook/data,23,0,0,4858e194-7a09-4f99-9a8c-ae37e52c6e0e
1603133735175,37,UC5 show stock report,202,HTTP/1.1 202,UC5 1-1,true,,381,0,1,5,http://swa-kovacs-vm1.cs.univie.ac.at/apigate/stores/200/stock-item-reports?call_back=http://swa-gabrielkovacs.cs.univie.ac.at/webhook/data,36,0,0,2473ddef-e4bf-4a35-bc33-3ba9fea56908
1603133735289,20,UC3 order products,202,HTTP/1.1 202,UC3 3-1,true,,416,0,1,5,http://swa-kovacs-vm1.cs.univie.ac.at/apigate/stores/201/orders?call_back=http://swa-gabrielkovacs.cs.univie.ac.at/webhook/data,18,0,0,10ddac11-5fc3-4f41-a619-d2329fee665a
1603133735296,16,UC6 delivery reports,202,HTTP/1.1 202,UC6 5-1,true,,380,0,1,5,http://swa-kovacs-vm1.cs.univie.ac.at/apigate/enterprises/901/delivery-reports?call_back=http://swa-gabrielkovacs.cs.univie.ac.at/webhook/data,16,0,0,d79bc388-07a3-44d6-a886-86aa5587fdec
1603133735507,24,UC4 receive order,202,HTTP/1.1 202,UC4 4-1,true,,435,0,1,5,http://swa-kovacs-vm1.cs.univie.ac.at/apigate/stores/201/orders/113?call_back=http://swa-gabrielkovacs.cs.univie.ac.at/webhook/data,23,0,0,4470aa1b-faf5-4d20-a367-b06bf22ca227
1603133735513,23,UC5 show stock report,202,HTTP/1.1 202,UC5 1-1,true,,381,0,1,5,http://swa-kovacs-vm1.cs.univie.ac.at/apigate/stores/200/stock-item-reports?call_back=http://swa-gabrielkovacs.cs.univie.ac.at/webhook/data,22,0,0,9ee39527-c79b-46a3-89aa-14e68d6a1d6f
1603133735504,38,UC7 change price,202,HTTP/1.1 202,UC7 2-1,true,,481,0,1,5,http://swa-kovacs-vm1.cs.univie.ac.at/apigate/stores/200/stockitems/300?call_back=http://swa-gabrielkovacs.cs.univie.ac.at/webhook/data,38,0,0,7f833b2f-ab9b-4c83-9c83-812d957709d6
1603133735613,16,UC6 delivery reports,202,HTTP/1.1 202,UC6 5-1,true,,380,0,1,5,http://swa-kovacs-vm1.cs.univie.ac.at/apigate/enterprises/901/delivery-reports?call_back=http://swa-gabrielkovacs.cs.univie.ac.at/webhook/data,16,0,0,0eea4058-aa5d-418b-9178-363ee654f1e2
1603133735610,20,UC3 order products,202,HTTP/1.1 202,UC3 3-1,true,,416,0,1,5,http://swa-kovacs-vm1.cs.univie.ac.at/apigate/stores/201/orders?call_back=http://swa-gabrielkovacs.cs.univie.ac.at/webhook/data,19,0,0,7e895d77-c5c6-4ee0-973a-32098611b2a5
1603133735831,26,UC4 receive order,202,HTTP/1.1 202,UC4 4-1,true,,435,0,1,5,http://swa-kovacs-vm1.cs.univie.ac.at/apigate/stores/201/orders/113?call_back=http://swa-gabrielkovacs.cs.univie.ac.at/webhook/data,25,0,0,36ae5fbc-bc6b-4353-91e6-be46361f815f
1603133735837,23,UC5 show stock report,202,HTTP/1.1 202,UC5 1-1,true,,381,0,1,5,http://swa-kovacs-vm1.cs.univie.ac.at/apigate/stores/200/stock-item-reports?call_back=http://swa-gabrielkovacs.cs.univie.ac.at/webhook/data,22,0,0,97955890-c291-4804-962f-9bed2cb028ef
1603133735843,22,UC7 change price,202,HTTP/1.1 202,UC7 2-1,true,,481,0,1,5,http://swa-kovacs-vm1.cs.univie.ac.at/apigate/stores/200/stockitems/300?call_back=http://swa-gabrielkovacs.cs.univie.ac.at/webhook/data,21,0,0,3cb73527-8ec6-41aa-a25a-db6989257ebb
1603133735931,17,UC6 delivery reports,202,HTTP/1.1 202,UC6 5-1,true,,380,0,1,5,http://swa-kovacs-vm1.cs.univie.ac.at/apigate/enterprises/901/delivery-reports?call_back=http://swa-gabrielkovacs.cs.univie.ac.at/webhook/data,16,0,0,25f53643-4169-42cd-b9d5-49e463f9e3fa
1603133735931,18,UC3 order products,202,HTTP/1.1 202,UC3 3-1,true,,416,0,1,5,http://swa-kovacs-vm1.cs.univie.ac.at/apigate/stores/201/orders?call_back=http://swa-gabrielkovacs.cs.univie.ac.at/webhook/data,18,0,0,85ea60e0-cc69-4883-b928-3ca24693f70a
1603133736158,23,UC4 receive order,202,HTTP/1.1 202,UC4 4-1,true,,435,0,1,5,http://swa-kovacs-vm1.cs.univie.ac.at/apigate/stores/201/orders/113?call_back=http://swa-gabrielkovacs.cs.univie.ac.at/webhook/data,22,0,0,735950f6-0f6f-4c87-81fc-d72e81521533
1603133736161,24,UC5 show stock report,202,HTTP/1.1 202,UC5 1-1,true,,381,0,1,5,http://swa-kovacs-vm1.cs.univie.ac.at/apigate/stores/200/stock-item-reports?call_back=http://swa-gabrielkovacs.cs.univie.ac.at/webhook/data,23,0,0,ca6727fa-3001-47c2-a6b7-9479714be0c3
1603133736165,24,UC7 change price,202,HTTP/1.1 202,UC7 2-1,true,,481,0,1,5,http://swa-kovacs-vm1.cs.univie.ac.at/apigate/stores/200/stockitems/300?call_back=http://swa-gabrielkovacs.cs.univie.ac.at/webhook/data,22,0,0,5e461ac2-6310-437d-9e78-3d07acde66c6
1603133736250,19,UC6 delivery reports,202,HTTP/1.1 202,UC6 5-1,true,,380,0,1,5,http://swa-kovacs-vm1.cs.univie.ac.at/apigate/enterprises/901/delivery-reports?call_back=http://swa-gabrielkovacs.cs.univie.ac.at/webhook/data,18,0,0,bba62592-bd78-467c-a8ee-7debb750c9ad
1603133736251,20,UC3 order products,202,HTTP/1.1 202,UC3 3-1,true,,416,0,1,5,http://swa-kovacs-vm1.cs.univie.ac.at/apigate/stores/201/orders?call_back=http://swa-gabrielkovacs.cs.univie.ac.at/webhook/data,20,0,0,6798c80d-f06e-4494-87a5-8fe0f93f5a0f
1603133736486,24,UC5 show stock report,202,HTTP/1.1 202,UC5 1-1,true,,381,0,1,5,http://swa-kovacs-vm1.cs.univie.ac.at/apigate/stores/200/stock-item-reports?call_back=http://swa-gabrielkovacs.cs.univie.ac.at/webhook/data,24,0,0,8b0bb2c1-64c1-4cb4-b65c-a1174e984194
1603133736490,28,UC7 change price,202,HTTP/1.1 202,UC7 2-1,true,,481,0,1,5,http://swa-kovacs-vm1.cs.univie.ac.at/apigate/stores/200/stockitems/300?call_back=http://swa-gabrielkovacs.cs.univie.ac.at/webhook/data,25,0,0,d9985c10-b39e-4dc4-ae9b-4803f81fd8bb
1603133736483,37,UC4 receive order,202,HTTP/1.1 202,UC4 4-1,true,,435,0,1,5,http://swa-kovacs-vm1.cs.univie.ac.at/apigate/stores/201/orders/113?call_back=http://swa-gabrielkovacs.cs.univie.ac.at/webhook/data,36,0,0,b6e86478-226b-42de-a97a-9f48b21203bd
1603133736570,15,UC6 delivery reports,202,HTTP/1.1 202,UC6 5-1,true,,380,0,1,5,http://swa-kovacs-vm1.cs.univie.ac.at/apigate/enterprises/901/delivery-reports?call_back=http://swa-gabrielkovacs.cs.univie.ac.at/webhook/data,15,0,0,f431397a-2745-437e-863c-64ab8cf772b7
1603133736572,17,UC3 order products,202,HTTP/1.1 202,UC3 3-1,true,,416,0,1,5,http://swa-kovacs-vm1.cs.univie.ac.at/apigate/stores/201/orders?call_back=http://swa-gabrielkovacs.cs.univie.ac.at/webhook/data,17,0,0,9796c4c2-fcb3-4295-8ddf-43e8a0e56e76
1603133736811,20,UC5 show stock report,202,HTTP/1.1 202,UC5 1-1,true,,381,0,1,5,http://swa-kovacs-vm1.cs.univie.ac.at/apigate/stores/200/stock-item-reports?call_back=http://swa-gabrielkovacs.cs.univie.ac.at/webhook/data,20,0,0,2af6618c-e6fc-427c-b75d-7fa3f3d00987
1603133736818,27,UC7 change price,202,HTTP/1.1 202,UC7 2-1,true,,481,0,1,5,http://swa-kovacs-vm1.cs.univie.ac.at/apigate/stores/200/stockitems/300?call_back=http://swa-gabrielkovacs.cs.univie.ac.at/webhook/data,27,0,0,c0b8f26e-5933-43c1-9bce-3cd4368b62df
1603133736821,25,UC4 receive order,202,HTTP/1.1 202,UC4 4-1,true,,435,0,1,5,http://swa-kovacs-vm1.cs.univie.ac.at/apigate/stores/201/orders/113?call_back=http://swa-gabrielkovacs.cs.univie.ac.at/webhook/data,24,0,0,c2c014cc-bf74-43c9-bc9f-086e3db7ac10
1603133736886,20,UC6 delivery reports,202,HTTP/1.1 202,UC6 5-1,true,,380,0,1,5,http://swa-kovacs-vm1.cs.univie.ac.at/apigate/enterprises/901/delivery-reports?call_back=http://swa-gabrielkovacs.cs.univie.ac.at/webhook/data,19,0,0,bfde45a5-b38b-4a23-8b01-2923bb1ed10e
1603133736890,17,UC3 order products,202,HTTP/1.1 202,UC3 3-1,true,,416,0,1,5,http://swa-kovacs-vm1.cs.univie.ac.at/apigate/stores/201/orders?call_back=http://swa-gabrielkovacs.cs.univie.ac.at/webhook/data,17,0,0,ae746953-a612-452c-b73c-c5acb209b06f
1603133737132,13,UC5 show stock report,202,HTTP/1.1 202,UC5 1-1,true,,381,0,1,5,http://swa-kovacs-vm1.cs.univie.ac.at/apigate/stores/200/stock-item-reports?call_back=http://swa-gabrielkovacs.cs.univie.ac.at/webhook/data,13,0,0,a5b23217-f2c8-466a-85d9-3b2226af5612
1603133737148,17,UC4 receive order,202,HTTP/1.1 202,UC4 4-1,true,,435,0,1,5,http://swa-kovacs-vm1.cs.univie.ac.at/apigate/stores/201/orders/113?call_back=http://swa-gabrielkovacs.cs.univie.ac.at/webhook/data,16,0,0,b2973e23-27d5-4e5d-b09c-ac4d59164989
1603133737146,23,UC7 change price,202,HTTP/1.1 202,UC7 2-1,true,,481,0,1,5,http://swa-kovacs-vm1.cs.univie.ac.at/apigate/stores/200/stockitems/300?call_back=http://swa-gabrielkovacs.cs.univie.ac.at/webhook/data,23,0,0,b16df2ad-f2dc-42a2-9dc5-afe23a3b8083
1603133737206,14,UC6 delivery reports,202,HTTP/1.1 202,UC6 5-1,true,,380,0,1,5,http://swa-kovacs-vm1.cs.univie.ac.at/apigate/enterprises/901/delivery-reports?call_back=http://swa-gabrielkovacs.cs.univie.ac.at/webhook/data,14,0,0,9c6cef6e-f497-4e60-b02a-6d5c7cdde7a4
1603133737208,18,UC3 order products,202,HTTP/1.1 202,UC3 3-1,true,,416,0,1,5,http://swa-kovacs-vm1.cs.univie.ac.at/apigate/stores/201/orders?call_back=http://swa-gabrielkovacs.cs.univie.ac.at/webhook/data,18,0,0,92b91bba-db25-46a6-9af1-f987628cc920
1603133737446,14,UC5 show stock report,202,HTTP/1.1 202,UC5 1-1,true,,381,0,1,5,http://swa-kovacs-vm1.cs.univie.ac.at/apigate/stores/200/stock-item-reports?call_back=http://swa-gabrielkovacs.cs.univie.ac.at/webhook/data,14,0,0,3489ce7b-6c7d-43fb-aae0-7ec349b437fa
1603133737470,14,UC7 change price,202,HTTP/1.1 202,UC7 2-1,true,,481,0,1,5,http://swa-kovacs-vm1.cs.univie.ac.at/apigate/stores/200/stockitems/300?call_back=http://swa-gabrielkovacs.cs.univie.ac.at/webhook/data,13,0,0,a05e1fa7-7c73-49f4-907f-23bf05c942b0
1603133737465,23,UC4 receive order,202,HTTP/1.1 202,UC4 4-1,true,,435,0,1,5,http://swa-kovacs-vm1.cs.univie.ac.at/apigate/stores/201/orders/113?call_back=http://swa-gabrielkovacs.cs.univie.ac.at/webhook/data,23,0,0,3ad754a4-d803-4c69-9979-2934af3b3981
1603133737521,14,UC6 delivery reports,202,HTTP/1.1 202,UC6 5-1,true,,380,0,1,5,http://swa-kovacs-vm1.cs.univie.ac.at/apigate/enterprises/901/delivery-reports?call_back=http://swa-gabrielkovacs.cs.univie.ac.at/webhook/data,14,0,0,ae13b69f-d060-4b66-9a2b-e9d8c21c60e1
1603133737530,13,UC3 order products,202,HTTP/1.1 202,UC3 3-1,true,,416,0,1,5,http://swa-kovacs-vm1.cs.univie.ac.at/apigate/stores/201/orders?call_back=http://swa-gabrielkovacs.cs.univie.ac.at/webhook/data,12,0,0,9eb0a731-e875-4743-8ccd-7b50b74031fb
1603133737761,14,UC5 show stock report,202,HTTP/1.1 202,UC5 1-1,true,,381,0,1,5,http://swa-kovacs-vm1.cs.univie.ac.at/apigate/stores/200/stock-item-reports?call_back=http://swa-gabrielkovacs.cs.univie.ac.at/webhook/data,14,0,0,55629dab-9104-46cc-9035-f1a0f7d849be
1603133737784,19,UC7 change price,202,HTTP/1.1 202,UC7 2-1,true,,481,0,1,5,http://swa-kovacs-vm1.cs.univie.ac.at/apigate/stores/200/stockitems/300?call_back=http://swa-gabrielkovacs.cs.univie.ac.at/webhook/data,18,0,0,26241bf6-5f29-4b2f-9172-2ae6ee3e920f
1603133737788,20,UC4 receive order,202,HTTP/1.1 202,UC4 4-1,true,,435,0,1,5,http://swa-kovacs-vm1.cs.univie.ac.at/apigate/stores/201/orders/113?call_back=http://swa-gabrielkovacs.cs.univie.ac.at/webhook/data,20,0,0,f1ac56e7-3b12-4b84-b096-8097dad56b79
1603133737843,14,UC3 order products,202,HTTP/1.1 202,UC3 3-1,true,,416,0,1,5,http://swa-kovacs-vm1.cs.univie.ac.at/apigate/stores/201/orders?call_back=http://swa-gabrielkovacs.cs.univie.ac.at/webhook/data,14,0,0,07798963-f167-44b8-9654-15ecf897736f
1603133737836,23,UC6 delivery reports,202,HTTP/1.1 202,UC6 5-1,true,,380,0,1,5,http://swa-kovacs-vm1.cs.univie.ac.at/apigate/enterprises/901/delivery-reports?call_back=http://swa-gabrielkovacs.cs.univie.ac.at/webhook/data,19,0,0,47404e1e-7dcf-4935-b99e-e75078fa1cdb
1603133738077,18,UC5 show stock report,202,HTTP/1.1 202,UC5 1-1,true,,381,0,1,5,http://swa-kovacs-vm1.cs.univie.ac.at/apigate/stores/200/stock-item-reports?call_back=http://swa-gabrielkovacs.cs.univie.ac.at/webhook/data,17,0,0,cb96f169-b9bb-4219-96eb-7fde0d585f5c
1603133738104,23,UC7 change price,202,HTTP/1.1 202,UC7 2-1,true,,481,0,1,5,http://swa-kovacs-vm1.cs.univie.ac.at/apigate/stores/200/stockitems/300?call_back=http://swa-gabrielkovacs.cs.univie.ac.at/webhook/data,23,0,0,9310cd78-bd16-4e46-8d51-343422272899
1603133738110,21,UC4 receive order,202,HTTP/1.1 202,UC4 4-1,true,,435,0,1,5,http://swa-kovacs-vm1.cs.univie.ac.at/apigate/stores/201/orders/113?call_back=http://swa-gabrielkovacs.cs.univie.ac.at/webhook/data,21,0,0,732a61c3-ac39-4dbf-bd77-58a96c0eb39e
1603133738160,18,UC6 delivery reports,202,HTTP/1.1 202,UC6 5-1,true,,380,0,1,5,http://swa-kovacs-vm1.cs.univie.ac.at/apigate/enterprises/901/delivery-reports?call_back=http://swa-gabrielkovacs.cs.univie.ac.at/webhook/data,17,0,0,f773a2cb-54fb-435a-a9bc-bab51a6d7852
1603133738159,21,UC3 order products,202,HTTP/1.1 202,UC3 3-1,true,,416,0,1,5,http://swa-kovacs-vm1.cs.univie.ac.at/apigate/stores/201/orders?call_back=http://swa-gabrielkovacs.cs.univie.ac.at/webhook/data,21,0,0,6e1f1f3b-e57c-4a97-8bbb-8c4717006dd5
1603133738396,18,UC5 show stock report,202,HTTP/1.1 202,UC5 1-1,true,,381,0,1,5,http://swa-kovacs-vm1.cs.univie.ac.at/apigate/stores/200/stock-item-reports?call_back=http://swa-gabrielkovacs.cs.univie.ac.at/webhook/data,18,0,0,8df9ee5d-3bcf-4c67-b64d-49d2e7d913af
1603133738428,18,UC7 change price,202,HTTP/1.1 202,UC7 2-1,true,,481,0,1,5,http://swa-kovacs-vm1.cs.univie.ac.at/apigate/stores/200/stockitems/300?call_back=http://swa-gabrielkovacs.cs.univie.ac.at/webhook/data,17,0,0,aba8457f-c566-4e13-9ac3-a880451fbf20
1603133738432,19,UC4 receive order,202,HTTP/1.1 202,UC4 4-1,true,,435,0,1,5,http://swa-kovacs-vm1.cs.univie.ac.at/apigate/stores/201/orders/113?call_back=http://swa-gabrielkovacs.cs.univie.ac.at/webhook/data,18,0,0,f618b1a5-3955-4d37-8eb7-2fddf0269964
1603133738481,19,UC3 order products,202,HTTP/1.1 202,UC3 3-1,true,,416,0,1,5,http://swa-kovacs-vm1.cs.univie.ac.at/apigate/stores/201/orders?call_back=http://swa-gabrielkovacs.cs.univie.ac.at/webhook/data,19,0,0,bdef48a1-2787-4acd-bf86-ecfba115cb85
1603133738479,21,UC6 delivery reports,202,HTTP/1.1 202,UC6 5-1,true,,380,0,1,5,http://swa-kovacs-vm1.cs.univie.ac.at/apigate/enterprises/901/delivery-reports?call_back=http://swa-gabrielkovacs.cs.univie.ac.at/webhook/data,15,0,0,2dec40f6-cc66-4812-b542-b55768d5d448
1603133738715,15,UC5 show stock report,202,HTTP/1.1 202,UC5 1-1,true,,381,0,1,5,http://swa-kovacs-vm1.cs.univie.ac.at/apigate/stores/200/stock-item-reports?call_back=http://swa-gabrielkovacs.cs.univie.ac.at/webhook/data,14,0,0,4e098637-55e3-49ed-9aee-0202604e2dca
1603133738752,14,UC4 receive order,202,HTTP/1.1 202,UC4 4-1,true,,435,0,1,5,http://swa-kovacs-vm1.cs.univie.ac.at/apigate/stores/201/orders/113?call_back=http://swa-gabrielkovacs.cs.univie.ac.at/webhook/data,14,0,0,9606e3e0-dac2-405c-b6de-79f4df8c571a
1603133738747,22,UC7 change price,202,HTTP/1.1 202,UC7 2-1,true,,481,0,1,5,http://swa-kovacs-vm1.cs.univie.ac.at/apigate/stores/200/stockitems/300?call_back=http://swa-gabrielkovacs.cs.univie.ac.at/webhook/data,22,0,0,e5093130-a1cd-48aa-aeef-25269935eb0b
1603133738801,16,UC6 delivery reports,202,HTTP/1.1 202,UC6 5-1,true,,380,0,1,5,http://swa-kovacs-vm1.cs.univie.ac.at/apigate/enterprises/901/delivery-reports?call_back=http://swa-gabrielkovacs.cs.univie.ac.at/webhook/data,15,0,0,709dd717-011b-4023-9616-9c10f89a287f
1603133738801,17,UC3 order products,202,HTTP/1.1 202,UC3 3-1,true,,416,0,1,5,http://swa-kovacs-vm1.cs.univie.ac.at/apigate/stores/201/orders?call_back=http://swa-gabrielkovacs.cs.univie.ac.at/webhook/data,16,0,0,98773da1-cc86-4d13-a7db-aca3f9add754
1603133739031,15,UC5 show stock report,202,HTTP/1.1 202,UC5 1-1,true,,381,0,1,5,http://swa-kovacs-vm1.cs.univie.ac.at/apigate/stores/200/stock-item-reports?call_back=http://swa-gabrielkovacs.cs.univie.ac.at/webhook/data,15,0,0,2368b739-c1d7-4197-97ac-cdbc2d2fe3a6
1603133739067,15,UC4 receive order,202,HTTP/1.1 202,UC4 4-1,true,,435,0,1,5,http://swa-kovacs-vm1.cs.univie.ac.at/apigate/stores/201/orders/113?call_back=http://swa-gabrielkovacs.cs.univie.ac.at/webhook/data,15,0,0,0905f077-5d8a-40bc-a469-09635a29a4b3
1603133739070,18,UC7 change price,202,HTTP/1.1 202,UC7 2-1,true,,481,0,1,5,http://swa-kovacs-vm1.cs.univie.ac.at/apigate/stores/200/stockitems/300?call_back=http://swa-gabrielkovacs.cs.univie.ac.at/webhook/data,17,0,0,973a4e7c-2b6e-4a87-8c20-fcca02c7107b
1603133739118,17,UC6 delivery reports,202,HTTP/1.1 202,UC6 5-1,true,,380,0,1,5,http://swa-kovacs-vm1.cs.univie.ac.at/apigate/enterprises/901/delivery-reports?call_back=http://swa-gabrielkovacs.cs.univie.ac.at/webhook/data,16,0,0,3a3761e0-447a-4f76-8ed7-ef8c9e188b28
1603133739118,21,UC3 order products,202,HTTP/1.1 202,UC3 3-1,true,,416,0,1,5,http://swa-kovacs-vm1.cs.univie.ac.at/apigate/stores/201/orders?call_back=http://swa-gabrielkovacs.cs.univie.ac.at/webhook/data,20,0,0,537f70dd-ef6f-4acd-a7ee-bd998d2b65a8
1603133739347,19,UC5 show stock report,202,HTTP/1.1 202,UC5 1-1,true,,381,0,1,5,http://swa-kovacs-vm1.cs.univie.ac.at/apigate/stores/200/stock-item-reports?call_back=http://swa-gabrielkovacs.cs.univie.ac.at/webhook/data,19,0,0,87750fd9-1118-450e-971c-c53accfd2f82
1603133739383,16,UC4 receive order,202,HTTP/1.1 202,UC4 4-1,true,,435,0,1,5,http://swa-kovacs-vm1.cs.univie.ac.at/apigate/stores/201/orders/113?call_back=http://swa-gabrielkovacs.cs.univie.ac.at/webhook/data,16,0,0,bf75c96b-d247-47a7-bcbb-44b0b6458f75
1603133739388,17,UC7 change price,202,HTTP/1.1 202,UC7 2-1,true,,481,0,1,5,http://swa-kovacs-vm1.cs.univie.ac.at/apigate/stores/200/stockitems/300?call_back=http://swa-gabrielkovacs.cs.univie.ac.at/webhook/data,16,0,0,11d79f62-5999-4772-9402-8aa2d4b39677
1603133739436,15,UC6 delivery reports,202,HTTP/1.1 202,UC6 5-1,true,,380,0,1,5,http://swa-kovacs-vm1.cs.univie.ac.at/apigate/enterprises/901/delivery-reports?call_back=http://swa-gabrielkovacs.cs.univie.ac.at/webhook/data,14,0,0,276a0037-909d-458a-b4e6-bfda68b13df4
1603133739439,15,UC3 order products,202,HTTP/1.1 202,UC3 3-1,true,,416,0,1,5,http://swa-kovacs-vm1.cs.univie.ac.at/apigate/stores/201/orders?call_back=http://swa-gabrielkovacs.cs.univie.ac.at/webhook/data,14,0,0,2f11ea19-a904-4de5-bd81-b3fd7a0f3447
1603133739667,18,UC5 show stock report,202,HTTP/1.1 202,UC5 1-1,true,,381,0,1,5,http://swa-kovacs-vm1.cs.univie.ac.at/apigate/stores/200/stock-item-reports?call_back=http://swa-gabrielkovacs.cs.univie.ac.at/webhook/data,18,0,0,a7420bb2-d15b-4d62-b799-9f8348580b09
1603133739699,15,UC4 receive order,202,HTTP/1.1 202,UC4 4-1,true,,435,0,1,5,http://swa-kovacs-vm1.cs.univie.ac.at/apigate/stores/201/orders/113?call_back=http://swa-gabrielkovacs.cs.univie.ac.at/webhook/data,15,0,0,a9cc9a0d-c7fa-4121-b76d-91045d7cd2ef
1603133739705,17,UC7 change price,202,HTTP/1.1 202,UC7 2-1,true,,481,0,1,5,http://swa-kovacs-vm1.cs.univie.ac.at/apigate/stores/200/stockitems/300?call_back=http://swa-gabrielkovacs.cs.univie.ac.at/webhook/data,17,0,0,07a39b89-95d4-43b3-b8ca-84f7cec53ca8
1603133739754,16,UC3 order products,202,HTTP/1.1 202,UC3 3-1,true,,416,0,1,5,http://swa-kovacs-vm1.cs.univie.ac.at/apigate/stores/201/orders?call_back=http://swa-gabrielkovacs.cs.univie.ac.at/webhook/data,16,0,0,355e0393-59b9-46ff-bfd0-cb2f0bbc9964
1603133739751,22,UC6 delivery reports,202,HTTP/1.1 202,UC6 5-1,true,,380,0,1,5,http://swa-kovacs-vm1.cs.univie.ac.at/apigate/enterprises/901/delivery-reports?call_back=http://swa-gabrielkovacs.cs.univie.ac.at/webhook/data,22,0,0,a1950269-639b-46ff-a27d-efe7865c772a
1603133739986,15,UC5 show stock report,202,HTTP/1.1 202,UC5 1-1,true,,381,0,1,5,http://swa-kovacs-vm1.cs.univie.ac.at/apigate/stores/200/stock-item-reports?call_back=http://swa-gabrielkovacs.cs.univie.ac.at/webhook/data,14,0,0,987ae6a5-b95b-4503-ae7d-3ff57a2a6467
1603133740015,17,UC4 receive order,202,HTTP/1.1 202,UC4 4-1,true,,435,0,1,5,http://swa-kovacs-vm1.cs.univie.ac.at/apigate/stores/201/orders/113?call_back=http://swa-gabrielkovacs.cs.univie.ac.at/webhook/data,15,0,0,b6daf1a3-0dee-43f6-8a9e-175fd4966459
1603133740023,13,UC7 change price,202,HTTP/1.1 202,UC7 2-1,true,,481,0,1,5,http://swa-kovacs-vm1.cs.univie.ac.at/apigate/stores/200/stockitems/300?call_back=http://swa-gabrielkovacs.cs.univie.ac.at/webhook/data,13,0,0,2463659d-baa2-4a2b-a8aa-2852f3e33fad
1603133740071,15,UC3 order products,202,HTTP/1.1 202,UC3 3-1,true,,416,0,1,5,http://swa-kovacs-vm1.cs.univie.ac.at/apigate/stores/201/orders?call_back=http://swa-gabrielkovacs.cs.univie.ac.at/webhook/data,13,0,0,5fd8a8ba-08a9-4a84-bbd6-6e63623746c9
1603133740074,20,UC6 delivery reports,202,HTTP/1.1 202,UC6 5-1,true,,380,0,1,5,http://swa-kovacs-vm1.cs.univie.ac.at/apigate/enterprises/901/delivery-reports?call_back=http://swa-gabrielkovacs.cs.univie.ac.at/webhook/data,19,0,0,74c5fd69-e28a-4a73-8870-ef3d82bed486
1603133740302,17,UC5 show stock report,202,HTTP/1.1 202,UC5 1-1,true,,381,0,1,5,http://swa-kovacs-vm1.cs.univie.ac.at/apigate/stores/200/stock-item-reports?call_back=http://swa-gabrielkovacs.cs.univie.ac.at/webhook/data,16,0,0,cc9278d4-f669-4c88-ae5a-b98b55d9956c
1603133740333,24,UC4 receive order,202,HTTP/1.1 202,UC4 4-1,true,,435,0,1,5,http://swa-kovacs-vm1.cs.univie.ac.at/apigate/stores/201/orders/113?call_back=http://swa-gabrielkovacs.cs.univie.ac.at/webhook/data,24,0,0,5c01f37b-9084-44b7-a373-71a7ec66dd4c
1603133740337,21,UC7 change price,202,HTTP/1.1 202,UC7 2-1,true,,481,0,1,5,http://swa-kovacs-vm1.cs.univie.ac.at/apigate/stores/200/stockitems/300?call_back=http://swa-gabrielkovacs.cs.univie.ac.at/webhook/data,19,0,0,afff8a07-0c66-46be-bd14-8e79132a24af
1603133740386,19,UC3 order products,202,HTTP/1.1 202,UC3 3-1,true,,416,0,1,5,http://swa-kovacs-vm1.cs.univie.ac.at/apigate/stores/201/orders?call_back=http://swa-gabrielkovacs.cs.univie.ac.at/webhook/data,19,0,0,e9f96ac7-0786-4c45-baf4-5dd7717a3891
1603133740394,16,UC6 delivery reports,202,HTTP/1.1 202,UC6 5-1,true,,380,0,1,5,http://swa-kovacs-vm1.cs.univie.ac.at/apigate/enterprises/901/delivery-reports?call_back=http://swa-gabrielkovacs.cs.univie.ac.at/webhook/data,16,0,0,6609cd0e-7866-47ee-97a3-37677f0b8f13
1603133740620,15,UC5 show stock report,202,HTTP/1.1 202,UC5 1-1,true,,381,0,1,5,http://swa-kovacs-vm1.cs.univie.ac.at/apigate/stores/200/stock-item-reports?call_back=http://swa-gabrielkovacs.cs.univie.ac.at/webhook/data,15,0,0,cccd6965-e2f9-4ccf-a000-9f173d3274e7
1603133740658,16,UC7 change price,202,HTTP/1.1 202,UC7 2-1,true,,481,0,1,5,http://swa-kovacs-vm1.cs.univie.ac.at/apigate/stores/200/stockitems/300?call_back=http://swa-gabrielkovacs.cs.univie.ac.at/webhook/data,15,0,0,69c3350b-4b66-4ace-9a6e-5a9c7425e4af
1603133740659,22,UC4 receive order,202,HTTP/1.1 202,UC4 4-1,true,,435,0,1,5,http://swa-kovacs-vm1.cs.univie.ac.at/apigate/stores/201/orders/113?call_back=http://swa-gabrielkovacs.cs.univie.ac.at/webhook/data,21,0,0,d02ed1e2-f4cb-4eca-9874-bdf93484caa5
1603133740711,14,UC6 delivery reports,202,HTTP/1.1 202,UC6 5-1,true,,380,0,1,5,http://swa-kovacs-vm1.cs.univie.ac.at/apigate/enterprises/901/delivery-reports?call_back=http://swa-gabrielkovacs.cs.univie.ac.at/webhook/data,14,0,0,0fed3727-9779-455e-b905-555e7b16c41e
1603133740706,21,UC3 order products,202,HTTP/1.1 202,UC3 3-1,true,,416,0,1,5,http://swa-kovacs-vm1.cs.univie.ac.at/apigate/stores/201/orders?call_back=http://swa-gabrielkovacs.cs.univie.ac.at/webhook/data,18,0,0,978d7bba-a7ec-48a0-b7fb-061e1f25b27f
1603133740936,17,UC5 show stock report,202,HTTP/1.1 202,UC5 1-1,true,,381,0,1,5,http://swa-kovacs-vm1.cs.univie.ac.at/apigate/stores/200/stock-item-reports?call_back=http://swa-gabrielkovacs.cs.univie.ac.at/webhook/data,17,0,0,4f298cb5-92c9-49e9-a078-6db75d78df8b
1603133740975,22,UC7 change price,202,HTTP/1.1 202,UC7 2-1,true,,481,0,1,5,http://swa-kovacs-vm1.cs.univie.ac.at/apigate/stores/200/stockitems/300?call_back=http://swa-gabrielkovacs.cs.univie.ac.at/webhook/data,22,0,0,4eeeb046-2512-44e9-adba-8eb0106e278c
1603133740981,17,UC4 receive order,202,HTTP/1.1 202,UC4 4-1,true,,435,0,1,5,http://swa-kovacs-vm1.cs.univie.ac.at/apigate/stores/201/orders/113?call_back=http://swa-gabrielkovacs.cs.univie.ac.at/webhook/data,16,0,0,21af1a46-8876-4da9-acfb-50f43979a6cd
1603133741027,18,UC3 order products,202,HTTP/1.1 202,UC3 3-1,true,,416,0,1,5,http://swa-kovacs-vm1.cs.univie.ac.at/apigate/stores/201/orders?call_back=http://swa-gabrielkovacs.cs.univie.ac.at/webhook/data,18,0,0,edf0b066-1132-4292-821d-c8556351ad94
1603133741026,20,UC6 delivery reports,202,HTTP/1.1 202,UC6 5-1,true,,380,0,1,5,http://swa-kovacs-vm1.cs.univie.ac.at/apigate/enterprises/901/delivery-reports?call_back=http://swa-gabrielkovacs.cs.univie.ac.at/webhook/data,20,0,0,85504182-7b90-45ba-8d90-0f6b7c392a7c
1603133741254,15,UC5 show stock report,202,HTTP/1.1 202,UC5 1-1,true,,381,0,1,5,http://swa-kovacs-vm1.cs.univie.ac.at/apigate/stores/200/stock-item-reports?call_back=http://swa-gabrielkovacs.cs.univie.ac.at/webhook/data,15,0,0,c7953970-9e2f-4bb6-bec8-796ebd800d2d
1603133741299,18,UC4 receive order,202,HTTP/1.1 202,UC4 4-1,true,,435,0,1,5,http://swa-kovacs-vm1.cs.univie.ac.at/apigate/stores/201/orders/113?call_back=http://swa-gabrielkovacs.cs.univie.ac.at/webhook/data,17,0,0,d89c3875-544a-4bde-adb1-1eb3af4d53e6
1603133741298,22,UC7 change price,202,HTTP/1.1 202,UC7 2-1,true,,481,0,1,5,http://swa-kovacs-vm1.cs.univie.ac.at/apigate/stores/200/stockitems/300?call_back=http://swa-gabrielkovacs.cs.univie.ac.at/webhook/data,22,0,0,de9dd081-aacd-4d88-81fb-3b6ee02beecd
1603133741347,14,UC6 delivery reports,202,HTTP/1.1 202,UC6 5-1,true,,380,0,1,5,http://swa-kovacs-vm1.cs.univie.ac.at/apigate/enterprises/901/delivery-reports?call_back=http://swa-gabrielkovacs.cs.univie.ac.at/webhook/data,13,0,0,01278bfe-d43d-481f-9ed6-c22fa9079a2a
1603133741346,21,UC3 order products,202,HTTP/1.1 202,UC3 3-1,true,,416,0,1,5,http://swa-kovacs-vm1.cs.univie.ac.at/apigate/stores/201/orders?call_back=http://swa-gabrielkovacs.cs.univie.ac.at/webhook/data,20,0,0,39d937c5-90bc-49c2-adc1-bd64b325410e
1603133741570,17,UC5 show stock report,202,HTTP/1.1 202,UC5 1-1,true,,381,0,1,5,http://swa-kovacs-vm1.cs.univie.ac.at/apigate/stores/200/stock-item-reports?call_back=http://swa-gabrielkovacs.cs.univie.ac.at/webhook/data,16,0,0,303c320f-3028-4e9a-abf5-cfc499050778
1603133741621,20,UC7 change price,202,HTTP/1.1 202,UC7 2-1,true,,481,0,1,5,http://swa-kovacs-vm1.cs.univie.ac.at/apigate/stores/200/stockitems/300?call_back=http://swa-gabrielkovacs.cs.univie.ac.at/webhook/data,19,0,0,832a2887-1561-4e36-a8aa-0af75d9e28bc
1603133741617,25,UC4 receive order,202,HTTP/1.1 202,UC4 4-1,true,,435,0,1,5,http://swa-kovacs-vm1.cs.univie.ac.at/apigate/stores/201/orders/113?call_back=http://swa-gabrielkovacs.cs.univie.ac.at/webhook/data,22,0,0,bc2d6211-0fc4-4c13-9eb9-e196c967e826
1603133741661,19,UC6 delivery reports,202,HTTP/1.1 202,UC6 5-1,true,,380,0,1,5,http://swa-kovacs-vm1.cs.univie.ac.at/apigate/enterprises/901/delivery-reports?call_back=http://swa-gabrielkovacs.cs.univie.ac.at/webhook/data,18,0,0,7a47b99b-2f73-4778-8584-ae39847a4e7b
1603133741668,17,UC3 order products,202,HTTP/1.1 202,UC3 3-1,true,,416,0,1,5,http://swa-kovacs-vm1.cs.univie.ac.at/apigate/stores/201/orders?call_back=http://swa-gabrielkovacs.cs.univie.ac.at/webhook/data,15,0,0,3000e28e-0060-44a0-8530-b32ab3600362
1603133741887,14,UC5 show stock report,202,HTTP/1.1 202,UC5 1-1,true,,381,0,1,5,http://swa-kovacs-vm1.cs.univie.ac.at/apigate/stores/200/stock-item-reports?call_back=http://swa-gabrielkovacs.cs.univie.ac.at/webhook/data,14,0,0,9c26f316-b4a7-45e3-b58c-572c87241e0d
1603133741943,17,UC4 receive order,202,HTTP/1.1 202,UC4 4-1,true,,435,0,1,5,http://swa-kovacs-vm1.cs.univie.ac.at/apigate/stores/201/orders/113?call_back=http://swa-gabrielkovacs.cs.univie.ac.at/webhook/data,16,0,0,3d714081-722c-4bef-9389-8ecb9b9b7b1e
1603133741941,20,UC7 change price,202,HTTP/1.1 202,UC7 2-1,true,,481,0,1,5,http://swa-kovacs-vm1.cs.univie.ac.at/apigate/stores/200/stockitems/300?call_back=http://swa-gabrielkovacs.cs.univie.ac.at/webhook/data,19,0,0,52b60107-0d06-454b-8f2e-09fa17958aca
1603133741981,21,UC6 delivery reports,202,HTTP/1.1 202,UC6 5-1,true,,380,0,1,5,http://swa-kovacs-vm1.cs.univie.ac.at/apigate/enterprises/901/delivery-reports?call_back=http://swa-gabrielkovacs.cs.univie.ac.at/webhook/data,20,0,0,1a6bc84e-da08-4bbc-80cd-27895baac0c4
1603133741985,18,UC3 order products,202,HTTP/1.1 202,UC3 3-1,true,,416,0,1,5,http://swa-kovacs-vm1.cs.univie.ac.at/apigate/stores/201/orders?call_back=http://swa-gabrielkovacs.cs.univie.ac.at/webhook/data,17,0,0,9efbfa1e-60c9-4cf5-b6a6-a043e05c3b33
1603133742202,15,UC5 show stock report,202,HTTP/1.1 202,UC5 1-1,true,,381,0,1,5,http://swa-kovacs-vm1.cs.univie.ac.at/apigate/stores/200/stock-item-reports?call_back=http://swa-gabrielkovacs.cs.univie.ac.at/webhook/data,14,0,0,57aa31f0-3b2e-4b49-812d-a3a836c61bbc
1603133742262,19,UC7 change price,202,HTTP/1.1 202,UC7 2-1,true,,481,0,1,5,http://swa-kovacs-vm1.cs.univie.ac.at/apigate/stores/200/stockitems/300?call_back=http://swa-gabrielkovacs.cs.univie.ac.at/webhook/data,19,0,0,861e5bb4-fe1c-4df0-b0db-f8f98738d745
1603133742260,23,UC4 receive order,202,HTTP/1.1 202,UC4 4-1,true,,435,0,1,5,http://swa-kovacs-vm1.cs.univie.ac.at/apigate/stores/201/orders/113?call_back=http://swa-gabrielkovacs.cs.univie.ac.at/webhook/data,22,0,0,506ad627-648c-499b-bf6a-a0f1eb6fc3ee
1603133742303,21,UC3 order products,202,HTTP/1.1 202,UC3 3-1,true,,416,0,1,5,http://swa-kovacs-vm1.cs.univie.ac.at/apigate/stores/201/orders?call_back=http://swa-gabrielkovacs.cs.univie.ac.at/webhook/data,21,0,0,cee8bd38-ca3d-4c08-9538-9a55b47d1a02
1603133742302,22,UC6 delivery reports,202,HTTP/1.1 202,UC6 5-1,true,,380,0,1,5,http://swa-kovacs-vm1.cs.univie.ac.at/apigate/enterprises/901/delivery-reports?call_back=http://swa-gabrielkovacs.cs.univie.ac.at/webhook/data,22,0,0,5520ea78-43d4-4825-a68a-3458f2802530
1603133742518,15,UC5 show stock report,202,HTTP/1.1 202,UC5 1-1,true,,381,0,1,5,http://swa-kovacs-vm1.cs.univie.ac.at/apigate/stores/200/stock-item-reports?call_back=http://swa-gabrielkovacs.cs.univie.ac.at/webhook/data,15,0,0,138917fd-5403-445c-b043-ba1fda88c42d
1603133742583,24,UC4 receive order,202,HTTP/1.1 202,UC4 4-1,true,,435,0,1,5,http://swa-kovacs-vm1.cs.univie.ac.at/apigate/stores/201/orders/113?call_back=http://swa-gabrielkovacs.cs.univie.ac.at/webhook/data,23,0,0,47b39438-6e84-4e09-897c-3b04059b029d
1603133742582,26,UC7 change price,202,HTTP/1.1 202,UC7 2-1,true,,481,0,1,5,http://swa-kovacs-vm1.cs.univie.ac.at/apigate/stores/200/stockitems/300?call_back=http://swa-gabrielkovacs.cs.univie.ac.at/webhook/data,26,0,0,1fb3ba24-908d-4f39-9d74-e8991c873b2e
1603133742625,21,UC6 delivery reports,202,HTTP/1.1 202,UC6 5-1,true,,380,0,1,5,http://swa-kovacs-vm1.cs.univie.ac.at/apigate/enterprises/901/delivery-reports?call_back=http://swa-gabrielkovacs.cs.univie.ac.at/webhook/data,20,0,0,234d548b-e59b-4c3e-8d9d-02d04ae0920c
1603133742625,25,UC3 order products,202,HTTP/1.1 202,UC3 3-1,true,,416,0,1,5,http://swa-kovacs-vm1.cs.univie.ac.at/apigate/stores/201/orders?call_back=http://swa-gabrielkovacs.cs.univie.ac.at/webhook/data,24,0,0,b457111b-126c-4db4-afd2-0f798e2c5832
1603133742834,15,UC5 show stock report,202,HTTP/1.1 202,UC5 1-1,true,,381,0,1,5,http://swa-kovacs-vm1.cs.univie.ac.at/apigate/stores/200/stock-item-reports?call_back=http://swa-gabrielkovacs.cs.univie.ac.at/webhook/data,15,0,0,bbd36bfa-ddef-4ca1-a2fb-b39b458a9b96
1603133742909,17,UC7 change price,202,HTTP/1.1 202,UC7 2-1,true,,481,0,1,5,http://swa-kovacs-vm1.cs.univie.ac.at/apigate/stores/200/stockitems/300?call_back=http://swa-gabrielkovacs.cs.univie.ac.at/webhook/data,17,0,0,8bda3351-1670-4698-94ef-cf31b734f984
1603133742907,20,UC4 receive order,202,HTTP/1.1 202,UC4 4-1,true,,435,0,1,5,http://swa-kovacs-vm1.cs.univie.ac.at/apigate/stores/201/orders/113?call_back=http://swa-gabrielkovacs.cs.univie.ac.at/webhook/data,20,0,0,710df3f7-fb34-4869-b999-a85b6d99f515
1603133742951,14,UC3 order products,202,HTTP/1.1 202,UC3 3-1,true,,416,0,1,5,http://swa-kovacs-vm1.cs.univie.ac.at/apigate/stores/201/orders?call_back=http://swa-gabrielkovacs.cs.univie.ac.at/webhook/data,14,0,0,170b0407-4964-4627-9c8f-6c645b0a6788
1603133742947,20,UC6 delivery reports,202,HTTP/1.1 202,UC6 5-1,true,,380,0,1,5,http://swa-kovacs-vm1.cs.univie.ac.at/apigate/enterprises/901/delivery-reports?call_back=http://swa-gabrielkovacs.cs.univie.ac.at/webhook/data,19,0,0,c4ea4a4e-ed0d-4059-95ac-17f9d4dd8ef9
1603133743150,16,UC5 show stock report,202,HTTP/1.1 202,UC5 1-1,true,,381,0,1,5,http://swa-kovacs-vm1.cs.univie.ac.at/apigate/stores/200/stock-item-reports?call_back=http://swa-gabrielkovacs.cs.univie.ac.at/webhook/data,15,0,0,46717b89-077d-426c-8ab8-1d8b664c18a6
1603133743227,17,UC7 change price,202,HTTP/1.1 202,UC7 2-1,true,,481,0,1,5,http://swa-kovacs-vm1.cs.univie.ac.at/apigate/stores/200/stockitems/300?call_back=http://swa-gabrielkovacs.cs.univie.ac.at/webhook/data,16,0,0,7acdf33b-2fc1-4ee1-a525-649eb68cf849
1603133743228,21,UC4 receive order,202,HTTP/1.1 202,UC4 4-1,true,,435,0,1,5,http://swa-kovacs-vm1.cs.univie.ac.at/apigate/stores/201/orders/113?call_back=http://swa-gabrielkovacs.cs.univie.ac.at/webhook/data,21,0,0,1505184f-13fb-44c6-add3-ebf6c84ae478
1603133743266,14,UC3 order products,202,HTTP/1.1 202,UC3 3-1,true,,416,0,1,5,http://swa-kovacs-vm1.cs.univie.ac.at/apigate/stores/201/orders?call_back=http://swa-gabrielkovacs.cs.univie.ac.at/webhook/data,14,0,0,01c36fed-f579-49d8-84c2-0430d78a5c42
1603133743267,20,UC6 delivery reports,202,HTTP/1.1 202,UC6 5-1,true,,380,0,1,5,http://swa-kovacs-vm1.cs.univie.ac.at/apigate/enterprises/901/delivery-reports?call_back=http://swa-gabrielkovacs.cs.univie.ac.at/webhook/data,20,0,0,106b65df-02b0-4ae5-8d26-c199bcbe0e94
1603133743466,15,UC5 show stock report,202,HTTP/1.1 202,UC5 1-1,true,,381,0,1,5,http://swa-kovacs-vm1.cs.univie.ac.at/apigate/stores/200/stock-item-reports?call_back=http://swa-gabrielkovacs.cs.univie.ac.at/webhook/data,15,0,0,b82f9cf8-59b9-4487-95a5-a5f859a34d79
1603133743550,15,UC4 receive order,202,HTTP/1.1 202,UC4 4-1,true,,435,0,1,5,http://swa-kovacs-vm1.cs.univie.ac.at/apigate/stores/201/orders/113?call_back=http://swa-gabrielkovacs.cs.univie.ac.at/webhook/data,15,0,0,9ba2ed7d-79e9-43fa-a1aa-31ec40d0cfd7
1603133743545,23,UC7 change price,202,HTTP/1.1 202,UC7 2-1,true,,476,0,1,5,http://swa-kovacs-vm1.cs.univie.ac.at/apigate/stores/200/stockitems/300?call_back=http://swa-gabrielkovacs.cs.univie.ac.at/webhook/data,23,0,0,27d3233a-ccfc-461e-b7a2-173cc1e8bc89
1603133743581,17,UC3 order products,202,HTTP/1.1 202,UC3 3-1,true,,416,0,1,5,http://swa-kovacs-vm1.cs.univie.ac.at/apigate/stores/201/orders?call_back=http://swa-gabrielkovacs.cs.univie.ac.at/webhook/data,17,0,0,0c877406-9c57-433a-986e-916da2055b06
1603133743588,17,UC6 delivery reports,202,HTTP/1.1 202,UC6 5-1,true,,380,0,1,5,http://swa-kovacs-vm1.cs.univie.ac.at/apigate/enterprises/901/delivery-reports?call_back=http://swa-gabrielkovacs.cs.univie.ac.at/webhook/data,17,0,0,9d5fb267-b17a-4dbb-8774-e82785d3b06f
1603133743782,15,UC5 show stock report,202,HTTP/1.1 202,UC5 1-1,true,,381,0,1,5,http://swa-kovacs-vm1.cs.univie.ac.at/apigate/stores/200/stock-item-reports?call_back=http://swa-gabrielkovacs.cs.univie.ac.at/webhook/data,15,0,0,1c997d9e-678d-4981-9052-54f9df9fe490
1603133743866,17,UC4 receive order,202,HTTP/1.1 202,UC4 4-1,true,,435,0,1,5,http://swa-kovacs-vm1.cs.univie.ac.at/apigate/stores/201/orders/113?call_back=http://swa-gabrielkovacs.cs.univie.ac.at/webhook/data,17,0,0,e55f3545-0281-4d15-85f7-8ba407b008e3
1603133743869,19,UC7 change price,202,HTTP/1.1 202,UC7 2-1,true,,481,0,1,5,http://swa-kovacs-vm1.cs.univie.ac.at/apigate/stores/200/stockitems/300?call_back=http://swa-gabrielkovacs.cs.univie.ac.at/webhook/data,19,0,0,cb3290b8-1350-415c-9dda-b5e26769deb5
1603133743899,15,UC3 order products,202,HTTP/1.1 202,UC3 3-1,true,,416,0,1,5,http://swa-kovacs-vm1.cs.univie.ac.at/apigate/stores/201/orders?call_back=http://swa-gabrielkovacs.cs.univie.ac.at/webhook/data,14,0,0,831bb73c-2c19-4f1d-84b4-3fb77f36b8b5
1603133743906,18,UC6 delivery reports,202,HTTP/1.1 202,UC6 5-1,true,,380,0,1,5,http://swa-kovacs-vm1.cs.univie.ac.at/apigate/enterprises/901/delivery-reports?call_back=http://swa-gabrielkovacs.cs.univie.ac.at/webhook/data,18,0,0,8f705cb7-489e-46ca-a685-1236b26fea2f
1603133744098,14,UC5 show stock report,202,HTTP/1.1 202,UC5 1-1,true,,381,0,1,5,http://swa-kovacs-vm1.cs.univie.ac.at/apigate/stores/200/stock-item-reports?call_back=http://swa-gabrielkovacs.cs.univie.ac.at/webhook/data,14,0,0,db457c58-1676-4bdc-96f8-813f8cec73bb
1603133744189,17,UC7 change price,202,HTTP/1.1 202,UC7 2-1,true,,476,0,1,5,http://swa-kovacs-vm1.cs.univie.ac.at/apigate/stores/200/stockitems/300?call_back=http://swa-gabrielkovacs.cs.univie.ac.at/webhook/data,16,0,0,9f5452b7-3a85-4c99-b96c-da7135abdd58
1603133744184,23,UC4 receive order,202,HTTP/1.1 202,UC4 4-1,true,,435,0,1,5,http://swa-kovacs-vm1.cs.univie.ac.at/apigate/stores/201/orders/113?call_back=http://swa-gabrielkovacs.cs.univie.ac.at/webhook/data,22,0,0,1b743b61-44fa-4e33-b744-d238504ac17e
1603133744215,18,UC3 order products,202,HTTP/1.1 202,UC3 3-1,true,,416,0,1,5,http://swa-kovacs-vm1.cs.univie.ac.at/apigate/stores/201/orders?call_back=http://swa-gabrielkovacs.cs.univie.ac.at/webhook/data,17,0,0,ba0f5db5-0a59-49de-b3a9-f4e5fc0f4c92
1603133744225,16,UC6 delivery reports,202,HTTP/1.1 202,UC6 5-1,true,,380,0,1,5,http://swa-kovacs-vm1.cs.univie.ac.at/apigate/enterprises/901/delivery-reports?call_back=http://swa-gabrielkovacs.cs.univie.ac.at/webhook/data,16,0,0,c36285ae-9a55-4022-bdca-392f045d4aad
1603133744413,16,UC5 show stock report,202,HTTP/1.1 202,UC5 1-1,true,,381,0,1,5,http://swa-kovacs-vm1.cs.univie.ac.at/apigate/stores/200/stock-item-reports?call_back=http://swa-gabrielkovacs.cs.univie.ac.at/webhook/data,15,0,0,0b11803b-a1d6-4f0c-93b7-3ce3df63a655
1603133744508,18,UC4 receive order,202,HTTP/1.1 202,UC4 4-1,true,,435,0,1,5,http://swa-kovacs-vm1.cs.univie.ac.at/apigate/stores/201/orders/113?call_back=http://swa-gabrielkovacs.cs.univie.ac.at/webhook/data,18,0,0,9ba2c1b2-800e-4bec-98cb-7a6e8edc7bf0
1603133744507,21,UC7 change price,202,HTTP/1.1 202,UC7 2-1,true,,481,0,1,5,http://swa-kovacs-vm1.cs.univie.ac.at/apigate/stores/200/stockitems/300?call_back=http://swa-gabrielkovacs.cs.univie.ac.at/webhook/data,20,0,0,9dd3f3c8-e6fa-4e4b-8084-ad0870a19b11
1603133744534,17,UC3 order products,202,HTTP/1.1 202,UC3 3-1,true,,416,0,1,5,http://swa-kovacs-vm1.cs.univie.ac.at/apigate/stores/201/orders?call_back=http://swa-gabrielkovacs.cs.univie.ac.at/webhook/data,16,0,0,bff34102-d4f8-423c-abde-ec91050f355d
1603133744542,17,UC6 delivery reports,202,HTTP/1.1 202,UC6 5-1,true,,380,0,1,5,http://swa-kovacs-vm1.cs.univie.ac.at/apigate/enterprises/901/delivery-reports?call_back=http://swa-gabrielkovacs.cs.univie.ac.at/webhook/data,16,0,0,e1ca8159-7c7c-4e9a-a8e7-a98df40df85e
1603133744730,16,UC5 show stock report,202,HTTP/1.1 202,UC5 1-1,true,,381,0,1,5,http://swa-kovacs-vm1.cs.univie.ac.at/apigate/stores/200/stock-item-reports?call_back=http://swa-gabrielkovacs.cs.univie.ac.at/webhook/data,16,0,0,4c5fe9f3-38cb-412f-afff-3c9d173bc78f
1603133744827,22,UC4 receive order,202,HTTP/1.1 202,UC4 4-1,true,,435,0,1,5,http://swa-kovacs-vm1.cs.univie.ac.at/apigate/stores/201/orders/113?call_back=http://swa-gabrielkovacs.cs.univie.ac.at/webhook/data,21,0,0,49af18df-1a08-4166-8b2c-50d46e7e058e
1603133744828,22,UC7 change price,202,HTTP/1.1 202,UC7 2-1,true,,481,0,1,5,http://swa-kovacs-vm1.cs.univie.ac.at/apigate/stores/200/stockitems/300?call_back=http://swa-gabrielkovacs.cs.univie.ac.at/webhook/data,22,0,0,9998bff8-e2ab-43d4-9b3d-4db59a5f947c
1603133744859,15,UC6 delivery reports,202,HTTP/1.1 202,UC6 5-1,true,,380,0,1,5,http://swa-kovacs-vm1.cs.univie.ac.at/apigate/enterprises/901/delivery-reports?call_back=http://swa-gabrielkovacs.cs.univie.ac.at/webhook/data,15,0,0,c0064002-4db4-4a65-aca8-22e8544a624a
1603133744852,23,UC3 order products,202,HTTP/1.1 202,UC3 3-1,true,,416,0,1,5,http://swa-kovacs-vm1.cs.univie.ac.at/apigate/stores/201/orders?call_back=http://swa-gabrielkovacs.cs.univie.ac.at/webhook/data,22,0,0,22810be8-f7b3-4dde-be2c-360d07aff729
1603133745047,17,UC5 show stock report,202,HTTP/1.1 202,UC5 1-1,true,,381,0,1,5,http://swa-kovacs-vm1.cs.univie.ac.at/apigate/stores/200/stock-item-reports?call_back=http://swa-gabrielkovacs.cs.univie.ac.at/webhook/data,16,0,0,b296b1fb-f4d8-4678-bdad-fb9f0d2b9bc0
1603133745151,18,UC7 change price,202,HTTP/1.1 202,UC7 2-1,true,,481,0,1,5,http://swa-kovacs-vm1.cs.univie.ac.at/apigate/stores/200/stockitems/300?call_back=http://swa-gabrielkovacs.cs.univie.ac.at/webhook/data,18,0,0,35df8bf8-fb5e-4a35-af0e-2af7087aa403
1603133745150,23,UC4 receive order,202,HTTP/1.1 202,UC4 4-1,true,,435,0,1,5,http://swa-kovacs-vm1.cs.univie.ac.at/apigate/stores/201/orders/113?call_back=http://swa-gabrielkovacs.cs.univie.ac.at/webhook/data,23,0,0,50ec140e-7bbc-428e-9677-bd8b120f765a
1603133745176,16,UC3 order products,202,HTTP/1.1 202,UC3 3-1,true,,416,0,1,5,http://swa-kovacs-vm1.cs.univie.ac.at/apigate/stores/201/orders?call_back=http://swa-gabrielkovacs.cs.univie.ac.at/webhook/data,16,0,0,94fc9d5d-07a6-46e5-ae55-ed94ef5493d2
1603133745175,21,UC6 delivery reports,202,HTTP/1.1 202,UC6 5-1,true,,380,0,1,5,http://swa-kovacs-vm1.cs.univie.ac.at/apigate/enterprises/901/delivery-reports?call_back=http://swa-gabrielkovacs.cs.univie.ac.at/webhook/data,20,0,0,3455e764-5a17-4006-8987-953d1c8e9eba
1603133745365,14,UC5 show stock report,202,HTTP/1.1 202,UC5 1-1,true,,381,0,1,5,http://swa-kovacs-vm1.cs.univie.ac.at/apigate/stores/200/stock-item-reports?call_back=http://swa-gabrielkovacs.cs.univie.ac.at/webhook/data,13,0,0,51ce46a2-1683-46ae-88f6-06e0c2b39c4f
1603133745473,20,UC4 receive order,202,HTTP/1.1 202,UC4 4-1,true,,435,0,1,5,http://swa-kovacs-vm1.cs.univie.ac.at/apigate/stores/201/orders/113?call_back=http://swa-gabrielkovacs.cs.univie.ac.at/webhook/data,19,0,0,50fed207-006e-4592-83d6-8d1ceec4be9e
1603133745470,25,UC7 change price,202,HTTP/1.1 202,UC7 2-1,true,,481,0,1,5,http://swa-kovacs-vm1.cs.univie.ac.at/apigate/stores/200/stockitems/300?call_back=http://swa-gabrielkovacs.cs.univie.ac.at/webhook/data,24,0,0,8fb02720-ad5e-473c-8c28-0a62ca995205
1603133745492,17,UC3 order products,202,HTTP/1.1 202,UC3 3-1,true,,416,0,1,5,http://swa-kovacs-vm1.cs.univie.ac.at/apigate/stores/201/orders?call_back=http://swa-gabrielkovacs.cs.univie.ac.at/webhook/data,17,0,0,a1f6199c-37c8-41c3-b652-d99e10f4ea8a
1603133745496,20,UC6 delivery reports,202,HTTP/1.1 202,UC6 5-1,true,,380,0,1,5,http://swa-kovacs-vm1.cs.univie.ac.at/apigate/enterprises/901/delivery-reports?call_back=http://swa-gabrielkovacs.cs.univie.ac.at/webhook/data,19,0,0,e2b7f26b-99d6-449d-96ad-e9291265d15e
1603133745679,16,UC5 show stock report,202,HTTP/1.1 202,UC5 1-1,true,,381,0,1,5,http://swa-kovacs-vm1.cs.univie.ac.at/apigate/stores/200/stock-item-reports?call_back=http://swa-gabrielkovacs.cs.univie.ac.at/webhook/data,16,0,0,d5e0eed1-a231-4c6f-af96-acbf08c775a3
1603133745796,15,UC7 change price,202,HTTP/1.1 202,UC7 2-1,true,,481,0,1,5,http://swa-kovacs-vm1.cs.univie.ac.at/apigate/stores/200/stockitems/300?call_back=http://swa-gabrielkovacs.cs.univie.ac.at/webhook/data,15,0,0,5c3e2fdb-74c2-4a1e-ab5b-226ef427a096
1603133745794,40,UC4 receive order,202,HTTP/1.1 202,UC4 4-1,true,,435,0,1,5,http://swa-kovacs-vm1.cs.univie.ac.at/apigate/stores/201/orders/113?call_back=http://swa-gabrielkovacs.cs.univie.ac.at/webhook/data,40,0,0,13fe0df7-9244-443e-96bd-f5d04d5a7502
1603133745810,30,UC3 order products,202,HTTP/1.1 202,UC3 3-1,true,,416,0,1,5,http://swa-kovacs-vm1.cs.univie.ac.at/apigate/stores/201/orders?call_back=http://swa-gabrielkovacs.cs.univie.ac.at/webhook/data,30,0,0,d4498179-d795-4d7b-b02a-2117768804c3
1603133745816,32,UC6 delivery reports,202,HTTP/1.1 202,UC6 5-1,true,,380,0,1,5,http://swa-kovacs-vm1.cs.univie.ac.at/apigate/enterprises/901/delivery-reports?call_back=http://swa-gabrielkovacs.cs.univie.ac.at/webhook/data,31,0,0,625c7988-9de2-4af3-87a9-dfe037aa672d
1603133745996,20,UC5 show stock report,202,HTTP/1.1 202,UC5 1-1,true,,381,0,1,5,http://swa-kovacs-vm1.cs.univie.ac.at/apigate/stores/200/stock-item-reports?call_back=http://swa-gabrielkovacs.cs.univie.ac.at/webhook/data,20,0,0,a82c0a2a-a1ac-4a31-92a6-0a4bf9131129
1603133746112,14,UC7 change price,202,HTTP/1.1 202,UC7 2-1,true,,481,0,1,5,http://swa-kovacs-vm1.cs.univie.ac.at/apigate/stores/200/stockitems/300?call_back=http://swa-gabrielkovacs.cs.univie.ac.at/webhook/data,13,0,0,40b55ae6-b3e1-43a7-b146-7395e84ec842
1603133746141,19,UC3 order products,202,HTTP/1.1 202,UC3 3-1,true,,416,0,1,5,http://swa-kovacs-vm1.cs.univie.ac.at/apigate/stores/201/orders?call_back=http://swa-gabrielkovacs.cs.univie.ac.at/webhook/data,19,0,0,c8319767-730d-470d-9810-7c9e9cedb51b
1603133746134,28,UC4 receive order,202,HTTP/1.1 202,UC4 4-1,true,,435,0,1,5,http://swa-kovacs-vm1.cs.univie.ac.at/apigate/stores/201/orders/113?call_back=http://swa-gabrielkovacs.cs.univie.ac.at/webhook/data,25,0,0,636a7e0b-d2a8-4685-975c-00c301389926
1603133746149,15,UC6 delivery reports,202,HTTP/1.1 202,UC6 5-1,true,,380,0,1,5,http://swa-kovacs-vm1.cs.univie.ac.at/apigate/enterprises/901/delivery-reports?call_back=http://swa-gabrielkovacs.cs.univie.ac.at/webhook/data,15,0,0,a1a53db9-a140-4ef3-8213-979778d367e8
1603133746317,16,UC5 show stock report,202,HTTP/1.1 202,UC5 1-1,true,,381,0,1,5,http://swa-kovacs-vm1.cs.univie.ac.at/apigate/stores/200/stock-item-reports?call_back=http://swa-gabrielkovacs.cs.univie.ac.at/webhook/data,15,0,0,cea2b97f-65d6-44b0-8047-fbe1f44e9d85
1603133746427,14,UC7 change price,202,HTTP/1.1 202,UC7 2-1,true,,481,0,1,5,http://swa-kovacs-vm1.cs.univie.ac.at/apigate/stores/200/stockitems/300?call_back=http://swa-gabrielkovacs.cs.univie.ac.at/webhook/data,14,0,0,60957020-50aa-4198-98da-36551e02228c
1603133746462,14,UC4 receive order,202,HTTP/1.1 202,UC4 4-1,true,,435,0,1,5,http://swa-kovacs-vm1.cs.univie.ac.at/apigate/stores/201/orders/113?call_back=http://swa-gabrielkovacs.cs.univie.ac.at/webhook/data,14,0,0,5469565f-3c4a-4d2d-a76d-5b95e665feb4
1603133746465,25,UC6 delivery reports,202,HTTP/1.1 202,UC6 5-1,true,,380,0,1,5,http://swa-kovacs-vm1.cs.univie.ac.at/apigate/enterprises/901/delivery-reports?call_back=http://swa-gabrielkovacs.cs.univie.ac.at/webhook/data,25,0,0,4aacf1b2-5240-4fb3-9123-af52492a8a4a
1603133746460,31,UC3 order products,202,HTTP/1.1 202,UC3 3-1,true,,416,0,1,5,http://swa-kovacs-vm1.cs.univie.ac.at/apigate/stores/201/orders?call_back=http://swa-gabrielkovacs.cs.univie.ac.at/webhook/data,30,0,0,b1cae267-fff1-4d79-879f-2cfb7f618fcb
1603133746633,14,UC5 show stock report,202,HTTP/1.1 202,UC5 1-1,true,,381,0,1,5,http://swa-kovacs-vm1.cs.univie.ac.at/apigate/stores/200/stock-item-reports?call_back=http://swa-gabrielkovacs.cs.univie.ac.at/webhook/data,14,0,0,a0603d70-fe99-4c41-ac64-90e595871c3f
1603133746742,15,UC7 change price,202,HTTP/1.1 202,UC7 2-1,true,,481,0,1,5,http://swa-kovacs-vm1.cs.univie.ac.at/apigate/stores/200/stockitems/300?call_back=http://swa-gabrielkovacs.cs.univie.ac.at/webhook/data,14,0,0,bf04dacd-f9af-4248-82ba-fcef588f0e22
1603133746777,13,UC4 receive order,202,HTTP/1.1 202,UC4 4-1,true,,435,0,1,5,http://swa-kovacs-vm1.cs.univie.ac.at/apigate/stores/201/orders/113?call_back=http://swa-gabrielkovacs.cs.univie.ac.at/webhook/data,13,0,0,2872d967-af54-4d8a-ba61-073a36888919
1603133746790,17,UC6 delivery reports,202,HTTP/1.1 202,UC6 5-1,true,,380,0,1,5,http://swa-kovacs-vm1.cs.univie.ac.at/apigate/enterprises/901/delivery-reports?call_back=http://swa-gabrielkovacs.cs.univie.ac.at/webhook/data,16,0,0,3b02e3b4-36d1-4404-a626-3817674f0a17
1603133746792,19,UC3 order products,202,HTTP/1.1 202,UC3 3-1,true,,416,0,1,5,http://swa-kovacs-vm1.cs.univie.ac.at/apigate/stores/201/orders?call_back=http://swa-gabrielkovacs.cs.univie.ac.at/webhook/data,19,0,0,00cf8733-f38f-4e3a-87de-0ead2bfd82d0
1603133746948,16,UC5 show stock report,202,HTTP/1.1 202,UC5 1-1,true,,381,0,1,5,http://swa-kovacs-vm1.cs.univie.ac.at/apigate/stores/200/stock-item-reports?call_back=http://swa-gabrielkovacs.cs.univie.ac.at/webhook/data,15,0,0,fa975ca8-9fe7-452c-843a-b5377a06a1cb
1603133747058,15,UC7 change price,202,HTTP/1.1 202,UC7 2-1,true,,481,0,1,5,http://swa-kovacs-vm1.cs.univie.ac.at/apigate/stores/200/stockitems/300?call_back=http://swa-gabrielkovacs.cs.univie.ac.at/webhook/data,15,0,0,8e9c3c63-b217-4671-8807-a0f0ed2c8ac8
1603133747090,14,UC4 receive order,202,HTTP/1.1 202,UC4 4-1,true,,435,0,1,5,http://swa-kovacs-vm1.cs.univie.ac.at/apigate/stores/201/orders/113?call_back=http://swa-gabrielkovacs.cs.univie.ac.at/webhook/data,13,0,0,07a2cc78-3004-47e2-93ec-de272849c9bf
1603133747112,14,UC3 order products,202,HTTP/1.1 202,UC3 3-1,true,,416,0,1,5,http://swa-kovacs-vm1.cs.univie.ac.at/apigate/stores/201/orders?call_back=http://swa-gabrielkovacs.cs.univie.ac.at/webhook/data,14,0,0,d320c298-0059-4de4-b9ce-a048d844c8ae
1603133747108,21,UC6 delivery reports,202,HTTP/1.1 202,UC6 5-1,true,,380,0,1,5,http://swa-kovacs-vm1.cs.univie.ac.at/apigate/enterprises/901/delivery-reports?call_back=http://swa-gabrielkovacs.cs.univie.ac.at/webhook/data,20,0,0,7db32d3b-173d-4a1a-8c18-0a2d50cd0065
1603133747265,14,UC5 show stock report,202,HTTP/1.1 202,UC5 1-1,true,,381,0,1,5,http://swa-kovacs-vm1.cs.univie.ac.at/apigate/stores/200/stock-item-reports?call_back=http://swa-gabrielkovacs.cs.univie.ac.at/webhook/data,14,0,0,55f14570-0ba7-41cb-bf9b-66e3de816db9
1603133747374,15,UC7 change price,202,HTTP/1.1 202,UC7 2-1,true,,481,0,1,5,http://swa-kovacs-vm1.cs.univie.ac.at/apigate/stores/200/stockitems/300?call_back=http://swa-gabrielkovacs.cs.univie.ac.at/webhook/data,14,0,0,cda53103-a3be-4aff-8186-e067c4292793
1603133747404,20,UC4 receive order,202,HTTP/1.1 202,UC4 4-1,true,,435,0,1,5,http://swa-kovacs-vm1.cs.univie.ac.at/apigate/stores/201/orders/113?call_back=http://swa-gabrielkovacs.cs.univie.ac.at/webhook/data,19,0,0,475c10ef-26b0-437e-881b-44cfb4efc819
1603133747427,32,UC3 order products,202,HTTP/1.1 202,UC3 3-1,true,,416,0,1,5,http://swa-kovacs-vm1.cs.univie.ac.at/apigate/stores/201/orders?call_back=http://swa-gabrielkovacs.cs.univie.ac.at/webhook/data,31,0,0,2670c449-d289-4c21-ab2a-7876e2b57ef9
1603133747430,34,UC6 delivery reports,202,HTTP/1.1 202,UC6 5-1,true,,380,0,1,5,http://swa-kovacs-vm1.cs.univie.ac.at/apigate/enterprises/901/delivery-reports?call_back=http://swa-gabrielkovacs.cs.univie.ac.at/webhook/data,34,0,0,96f79c91-1ae0-4e98-8c9c-6611241ac675
1603133747580,13,UC5 show stock report,202,HTTP/1.1 202,UC5 1-1,true,,381,0,1,5,http://swa-kovacs-vm1.cs.univie.ac.at/apigate/stores/200/stock-item-reports?call_back=http://swa-gabrielkovacs.cs.univie.ac.at/webhook/data,13,0,0,9f0e47a0-ce05-4127-8c33-cfd54266ef23
1603133747689,13,UC7 change price,202,HTTP/1.1 202,UC7 2-1,true,,481,0,1,5,http://swa-kovacs-vm1.cs.univie.ac.at/apigate/stores/200/stockitems/300?call_back=http://swa-gabrielkovacs.cs.univie.ac.at/webhook/data,13,0,0,88faf2bc-77f4-4dd1-96fe-90599003059b
1603133747724,13,UC4 receive order,202,HTTP/1.1 202,UC4 4-1,true,,435,0,1,5,http://swa-kovacs-vm1.cs.univie.ac.at/apigate/stores/201/orders/113?call_back=http://swa-gabrielkovacs.cs.univie.ac.at/webhook/data,13,0,0,b1416fb6-1ee1-4c9e-ab8b-9d40418b5343
1603133747760,20,UC3 order products,202,HTTP/1.1 202,UC3 3-1,true,,416,0,1,5,http://swa-kovacs-vm1.cs.univie.ac.at/apigate/stores/201/orders?call_back=http://swa-gabrielkovacs.cs.univie.ac.at/webhook/data,20,0,0,fb6761cb-45cf-47b7-860f-8a1b4287584c
1603133747765,16,UC6 delivery reports,202,HTTP/1.1 202,UC6 5-1,true,,380,0,1,5,http://swa-kovacs-vm1.cs.univie.ac.at/apigate/enterprises/901/delivery-reports?call_back=http://swa-gabrielkovacs.cs.univie.ac.at/webhook/data,16,0,0,d23efb4b-e290-4256-91e0-77440eff2bf9
1603133747893,13,UC5 show stock report,202,HTTP/1.1 202,UC5 1-1,true,,381,0,1,5,http://swa-kovacs-vm1.cs.univie.ac.at/apigate/stores/200/stock-item-reports?call_back=http://swa-gabrielkovacs.cs.univie.ac.at/webhook/data,13,0,0,c5ec98b2-a636-45e4-ac61-701f96f5fe0b
1603133748003,13,UC7 change price,202,HTTP/1.1 202,UC7 2-1,true,,481,0,1,5,http://swa-kovacs-vm1.cs.univie.ac.at/apigate/stores/200/stockitems/300?call_back=http://swa-gabrielkovacs.cs.univie.ac.at/webhook/data,13,0,0,a43fc802-22ae-4c2b-b285-89dca10a5ee8
1603133748038,14,UC4 receive order,202,HTTP/1.1 202,UC4 4-1,true,,435,0,1,5,http://swa-kovacs-vm1.cs.univie.ac.at/apigate/stores/201/orders/113?call_back=http://swa-gabrielkovacs.cs.univie.ac.at/webhook/data,13,0,0,24e86704-835e-4077-874e-d0b36f5248ca
1603133748081,17,UC3 order products,202,HTTP/1.1 202,UC3 3-1,true,,416,0,1,5,http://swa-kovacs-vm1.cs.univie.ac.at/apigate/stores/201/orders?call_back=http://swa-gabrielkovacs.cs.univie.ac.at/webhook/data,16,0,0,49dd5e1e-dcca-49e1-a3a9-11ac6e94ceac
1603133748082,18,UC6 delivery reports,202,HTTP/1.1 202,UC6 5-1,true,,380,0,1,5,http://swa-kovacs-vm1.cs.univie.ac.at/apigate/enterprises/901/delivery-reports?call_back=http://swa-gabrielkovacs.cs.univie.ac.at/webhook/data,18,0,0,ac4b1f36-e7ca-4218-9b01-67a54c1654d9
1603133748207,14,UC5 show stock report,202,HTTP/1.1 202,UC5 1-1,true,,381,0,1,5,http://swa-kovacs-vm1.cs.univie.ac.at/apigate/stores/200/stock-item-reports?call_back=http://swa-gabrielkovacs.cs.univie.ac.at/webhook/data,14,0,0,a730734d-19fd-4cac-980a-d2aa255d31dd
1603133748317,14,UC7 change price,202,HTTP/1.1 202,UC7 2-1,true,,481,0,1,5,http://swa-kovacs-vm1.cs.univie.ac.at/apigate/stores/200/stockitems/300?call_back=http://swa-gabrielkovacs.cs.univie.ac.at/webhook/data,13,0,0,472f065a-b240-415f-8028-a00c5642cc0f
1603133748352,14,UC4 receive order,202,HTTP/1.1 202,UC4 4-1,true,,435,0,1,5,http://swa-kovacs-vm1.cs.univie.ac.at/apigate/stores/201/orders/113?call_back=http://swa-gabrielkovacs.cs.univie.ac.at/webhook/data,13,0,0,bf3acc99-3217-4ab2-bdf7-4254f55dc59e
1603133748401,16,UC6 delivery reports,202,HTTP/1.1 202,UC6 5-1,true,,380,0,1,5,http://swa-kovacs-vm1.cs.univie.ac.at/apigate/enterprises/901/delivery-reports?call_back=http://swa-gabrielkovacs.cs.univie.ac.at/webhook/data,16,0,0,b0424899-88ec-4166-9179-58fa3862f80e
1603133748398,19,UC3 order products,202,HTTP/1.1 202,UC3 3-1,true,,416,0,1,5,http://swa-kovacs-vm1.cs.univie.ac.at/apigate/stores/201/orders?call_back=http://swa-gabrielkovacs.cs.univie.ac.at/webhook/data,19,0,0,084f05b6-9a7e-4f1f-97d5-4070e71cd6a8
1603133748522,15,UC5 show stock report,202,HTTP/1.1 202,UC5 1-1,true,,381,0,1,5,http://swa-kovacs-vm1.cs.univie.ac.at/apigate/stores/200/stock-item-reports?call_back=http://swa-gabrielkovacs.cs.univie.ac.at/webhook/data,14,0,0,8f4cb84a-7eea-4b57-b069-404bfe55740f
1603133748631,15,UC7 change price,202,HTTP/1.1 202,UC7 2-1,true,,481,0,1,5,http://swa-kovacs-vm1.cs.univie.ac.at/apigate/stores/200/stockitems/300?call_back=http://swa-gabrielkovacs.cs.univie.ac.at/webhook/data,15,0,0,f194f8df-dc15-4f1e-abcb-981f063a0e96
1603133748666,14,UC4 receive order,202,HTTP/1.1 202,UC4 4-1,true,,435,0,1,5,http://swa-kovacs-vm1.cs.univie.ac.at/apigate/stores/201/orders/113?call_back=http://swa-gabrielkovacs.cs.univie.ac.at/webhook/data,13,0,0,166c9b63-ed40-41ef-83dd-e0b70cd51a5d
1603133748719,18,UC3 order products,202,HTTP/1.1 202,UC3 3-1,true,,416,0,1,5,http://swa-kovacs-vm1.cs.univie.ac.at/apigate/stores/201/orders?call_back=http://swa-gabrielkovacs.cs.univie.ac.at/webhook/data,17,0,0,1517815b-7278-495e-9636-6171f6211adc
1603133748718,20,UC6 delivery reports,202,HTTP/1.1 202,UC6 5-1,true,,380,0,1,5,http://swa-kovacs-vm1.cs.univie.ac.at/apigate/enterprises/901/delivery-reports?call_back=http://swa-gabrielkovacs.cs.univie.ac.at/webhook/data,16,0,0,1b5d3ffb-419d-47a8-86ec-7a479c63f7ed
1603133748838,13,UC5 show stock report,202,HTTP/1.1 202,UC5 1-1,true,,381,0,1,5,http://swa-kovacs-vm1.cs.univie.ac.at/apigate/stores/200/stock-item-reports?call_back=http://swa-gabrielkovacs.cs.univie.ac.at/webhook/data,13,0,0,c458f7b5-4eb4-426f-a7ce-9db61065ec55
1603133748947,15,UC7 change price,202,HTTP/1.1 202,UC7 2-1,true,,481,0,1,5,http://swa-kovacs-vm1.cs.univie.ac.at/apigate/stores/200/stockitems/300?call_back=http://swa-gabrielkovacs.cs.univie.ac.at/webhook/data,14,0,0,706eb081-4bed-44a3-840a-2b49c3c28064
1603133748980,16,UC4 receive order,202,HTTP/1.1 202,UC4 4-1,true,,435,0,1,5,http://swa-kovacs-vm1.cs.univie.ac.at/apigate/stores/201/orders/113?call_back=http://swa-gabrielkovacs.cs.univie.ac.at/webhook/data,16,0,0,a4b5b3dc-9975-40bf-950a-5c0c4bb0fadf
1603133749039,17,UC6 delivery reports,202,HTTP/1.1 202,UC6 5-1,true,,380,0,1,5,http://swa-kovacs-vm1.cs.univie.ac.at/apigate/enterprises/901/delivery-reports?call_back=http://swa-gabrielkovacs.cs.univie.ac.at/webhook/data,17,0,0,01fd1b8a-7e36-433a-8b4f-0443ae26c71c
1603133749037,20,UC3 order products,202,HTTP/1.1 202,UC3 3-1,true,,416,0,1,5,http://swa-kovacs-vm1.cs.univie.ac.at/apigate/stores/201/orders?call_back=http://swa-gabrielkovacs.cs.univie.ac.at/webhook/data,18,0,0,63eef4db-267d-4420-91bf-ec8b29b49893
1603133749152,15,UC5 show stock report,202,HTTP/1.1 202,UC5 1-1,true,,381,0,1,5,http://swa-kovacs-vm1.cs.univie.ac.at/apigate/stores/200/stock-item-reports?call_back=http://swa-gabrielkovacs.cs.univie.ac.at/webhook/data,14,0,0,dea2a330-6677-4858-9f1a-651dde77f121
1603133749263,13,UC7 change price,202,HTTP/1.1 202,UC7 2-1,true,,481,0,1,5,http://swa-kovacs-vm1.cs.univie.ac.at/apigate/stores/200/stockitems/300?call_back=http://swa-gabrielkovacs.cs.univie.ac.at/webhook/data,13,0,0,f2e2807e-1ca7-4588-b4dd-aa0eaa601738
1603133749298,19,UC4 receive order,202,HTTP/1.1 202,UC4 4-1,true,,435,0,1,5,http://swa-kovacs-vm1.cs.univie.ac.at/apigate/stores/201/orders/113?call_back=http://swa-gabrielkovacs.cs.univie.ac.at/webhook/data,19,0,0,a37d24d7-87b1-40c3-b185-aa40b77371af
1603133749357,19,UC6 delivery reports,202,HTTP/1.1 202,UC6 5-1,true,,380,0,1,5,http://swa-kovacs-vm1.cs.univie.ac.at/apigate/enterprises/901/delivery-reports?call_back=http://swa-gabrielkovacs.cs.univie.ac.at/webhook/data,19,0,0,a806a991-ec33-4d02-be9a-23841c104e8e
1603133749358,18,UC3 order products,202,HTTP/1.1 202,UC3 3-1,true,,416,0,1,5,http://swa-kovacs-vm1.cs.univie.ac.at/apigate/stores/201/orders?call_back=http://swa-gabrielkovacs.cs.univie.ac.at/webhook/data,18,0,0,deaac2c1-e330-4cb4-9afd-fe06ee754d72
1603133749467,16,UC5 show stock report,202,HTTP/1.1 202,UC5 1-1,true,,381,0,1,5,http://swa-kovacs-vm1.cs.univie.ac.at/apigate/stores/200/stock-item-reports?call_back=http://swa-gabrielkovacs.cs.univie.ac.at/webhook/data,15,0,0,0e6f0c39-836e-47c3-a608-f59a8f66c21b
1603133749577,13,UC7 change price,202,HTTP/1.1 202,UC7 2-1,true,,481,0,1,5,http://swa-kovacs-vm1.cs.univie.ac.at/apigate/stores/200/stockitems/300?call_back=http://swa-gabrielkovacs.cs.univie.ac.at/webhook/data,13,0,0,debe1929-91ca-4c6d-88b2-910d1dc9f908
1603133749618,13,UC4 receive order,202,HTTP/1.1 202,UC4 4-1,true,,435,0,1,5,http://swa-kovacs-vm1.cs.univie.ac.at/apigate/stores/201/orders/113?call_back=http://swa-gabrielkovacs.cs.univie.ac.at/webhook/data,13,0,0,1b226192-ea3b-4ade-b3f0-f378024ded20
1603133749676,17,UC6 delivery reports,202,HTTP/1.1 202,UC6 5-1,true,,380,0,1,5,http://swa-kovacs-vm1.cs.univie.ac.at/apigate/enterprises/901/delivery-reports?call_back=http://swa-gabrielkovacs.cs.univie.ac.at/webhook/data,16,0,0,92d93e62-9938-45ae-a26b-8661f8fddcb9
1603133749677,20,UC3 order products,202,HTTP/1.1 202,UC3 3-1,true,,416,0,1,5,http://swa-kovacs-vm1.cs.univie.ac.at/apigate/stores/201/orders?call_back=http://swa-gabrielkovacs.cs.univie.ac.at/webhook/data,19,0,0,51490a3d-db19-43f2-b028-fb1c5d17c1c9
1603133749783,16,UC5 show stock report,202,HTTP/1.1 202,UC5 1-1,true,,381,0,1,5,http://swa-kovacs-vm1.cs.univie.ac.at/apigate/stores/200/stock-item-reports?call_back=http://swa-gabrielkovacs.cs.univie.ac.at/webhook/data,16,0,0,e780c176-866a-4659-b775-0c2566ab6f95
1603133749891,18,UC7 change price,202,HTTP/1.1 202,UC7 2-1,true,,481,0,1,5,http://swa-kovacs-vm1.cs.univie.ac.at/apigate/stores/200/stockitems/300?call_back=http://swa-gabrielkovacs.cs.univie.ac.at/webhook/data,18,0,0,5c68e721-88dc-4039-a02e-93c39c26a709
1603133749932,14,UC4 receive order,202,HTTP/1.1 202,UC4 4-1,true,,435,0,1,5,http://swa-kovacs-vm1.cs.univie.ac.at/apigate/stores/201/orders/113?call_back=http://swa-gabrielkovacs.cs.univie.ac.at/webhook/data,14,0,0,635efdad-3740-464b-940d-0da9e308f096
1603133749994,14,UC6 delivery reports,202,HTTP/1.1 202,UC6 5-1,true,,380,0,1,5,http://swa-kovacs-vm1.cs.univie.ac.at/apigate/enterprises/901/delivery-reports?call_back=http://swa-gabrielkovacs.cs.univie.ac.at/webhook/data,14,0,0,1a5e6803-2e48-407a-a6ca-e95bf984422a
1603133749997,16,UC3 order products,202,HTTP/1.1 202,UC3 3-1,true,,416,0,1,5,http://swa-kovacs-vm1.cs.univie.ac.at/apigate/stores/201/orders?call_back=http://swa-gabrielkovacs.cs.univie.ac.at/webhook/data,15,0,0,35fd1ec8-9442-4bc0-8b13-4ca000aa81fc
1603133750100,15,UC5 show stock report,202,HTTP/1.1 202,UC5 1-1,true,,381,0,1,5,http://swa-kovacs-vm1.cs.univie.ac.at/apigate/stores/200/stock-item-reports?call_back=http://swa-gabrielkovacs.cs.univie.ac.at/webhook/data,15,0,0,d68f117a-6b0b-46ab-b127-2bd0020dd4c4
1603133750210,14,UC7 change price,202,HTTP/1.1 202,UC7 2-1,true,,481,0,1,5,http://swa-kovacs-vm1.cs.univie.ac.at/apigate/stores/200/stockitems/300?call_back=http://swa-gabrielkovacs.cs.univie.ac.at/webhook/data,14,0,0,0ae0242b-d3f9-45fe-86fc-ebae7e0fcb96
1603133750247,14,UC4 receive order,202,HTTP/1.1 202,UC4 4-1,true,,435,0,1,5,http://swa-kovacs-vm1.cs.univie.ac.at/apigate/stores/201/orders/113?call_back=http://swa-gabrielkovacs.cs.univie.ac.at/webhook/data,13,0,0,6e01c015-d01d-4e22-9c6f-8de356687575
1603133750309,19,UC6 delivery reports,202,HTTP/1.1 202,UC6 5-1,true,,380,0,1,5,http://swa-kovacs-vm1.cs.univie.ac.at/apigate/enterprises/901/delivery-reports?call_back=http://swa-gabrielkovacs.cs.univie.ac.at/webhook/data,17,0,0,4fff9cde-04ec-43f3-a4fe-9f91e44acbcc
1603133750313,15,UC3 order products,202,HTTP/1.1 202,UC3 3-1,true,,416,0,1,5,http://swa-kovacs-vm1.cs.univie.ac.at/apigate/stores/201/orders?call_back=http://swa-gabrielkovacs.cs.univie.ac.at/webhook/data,13,0,0,4f8fd0da-bbdd-4564-8195-9dab3ff261a9
1603133750416,12,UC5 show stock report,202,HTTP/1.1 202,UC5 1-1,true,,381,0,1,5,http://swa-kovacs-vm1.cs.univie.ac.at/apigate/stores/200/stock-item-reports?call_back=http://swa-gabrielkovacs.cs.univie.ac.at/webhook/data,12,0,0,ef3eab0a-feca-4607-a4d5-4a1c297e0303
1603133750525,15,UC7 change price,202,HTTP/1.1 202,UC7 2-1,true,,481,0,1,5,http://swa-kovacs-vm1.cs.univie.ac.at/apigate/stores/200/stockitems/300?call_back=http://swa-gabrielkovacs.cs.univie.ac.at/webhook/data,14,0,0,4c1dd73c-1d57-492b-a855-da4ee1b6795f
1603133750561,13,UC4 receive order,202,HTTP/1.1 202,UC4 4-1,true,,435,0,1,5,http://swa-kovacs-vm1.cs.univie.ac.at/apigate/stores/201/orders/113?call_back=http://swa-gabrielkovacs.cs.univie.ac.at/webhook/data,13,0,0,546b4742-d767-4efb-9a28-7e200d3e7578
1603133750629,13,UC3 order products,202,HTTP/1.1 202,UC3 3-1,true,,416,0,1,5,http://swa-kovacs-vm1.cs.univie.ac.at/apigate/stores/201/orders?call_back=http://swa-gabrielkovacs.cs.univie.ac.at/webhook/data,12,0,0,d11d9e96-2654-4f07-adb9-fe088217e903
1603133750629,24,UC6 delivery reports,202,HTTP/1.1 202,UC6 5-1,true,,380,0,1,5,http://swa-kovacs-vm1.cs.univie.ac.at/apigate/enterprises/901/delivery-reports?call_back=http://swa-gabrielkovacs.cs.univie.ac.at/webhook/data,20,0,0,d4b0a46d-6a8f-4caa-9196-3820a58afca9
1603133750730,14,UC5 show stock report,202,HTTP/1.1 202,UC5 1-1,true,,381,0,1,5,http://swa-kovacs-vm1.cs.univie.ac.at/apigate/stores/200/stock-item-reports?call_back=http://swa-gabrielkovacs.cs.univie.ac.at/webhook/data,14,0,0,19a3511a-2039-44e3-bd98-d25231d194bb
1603133750841,13,UC7 change price,202,HTTP/1.1 202,UC7 2-1,true,,481,0,1,5,http://swa-kovacs-vm1.cs.univie.ac.at/apigate/stores/200/stockitems/300?call_back=http://swa-gabrielkovacs.cs.univie.ac.at/webhook/data,13,0,0,bbaddcdc-e59d-4572-a206-4599cca95b32
1603133750875,12,UC4 receive order,202,HTTP/1.1 202,UC4 4-1,true,,435,0,1,5,http://swa-kovacs-vm1.cs.univie.ac.at/apigate/stores/201/orders/113?call_back=http://swa-gabrielkovacs.cs.univie.ac.at/webhook/data,11,0,0,25a0c54a-15c5-48a3-9f71-8adb5aca2b0f
1603133750942,14,UC3 order products,202,HTTP/1.1 202,UC3 3-1,true,,416,0,1,5,http://swa-kovacs-vm1.cs.univie.ac.at/apigate/stores/201/orders?call_back=http://swa-gabrielkovacs.cs.univie.ac.at/webhook/data,13,0,0,78c5a084-8a7e-4ac6-8d2e-8c4715b5cd87
1603133750954,14,UC6 delivery reports,202,HTTP/1.1 202,UC6 5-1,true,,380,0,1,5,http://swa-kovacs-vm1.cs.univie.ac.at/apigate/enterprises/901/delivery-reports?call_back=http://swa-gabrielkovacs.cs.univie.ac.at/webhook/data,14,0,0,79684795-1cee-4ad3-b0e2-73cda2bef706
1603133751045,16,UC5 show stock report,202,HTTP/1.1 202,UC5 1-1,true,,381,0,1,5,http://swa-kovacs-vm1.cs.univie.ac.at/apigate/stores/200/stock-item-reports?call_back=http://swa-gabrielkovacs.cs.univie.ac.at/webhook/data,15,0,0,c8c7d677-5d7f-48a6-ad14-590b6d0964dc
1603133751155,16,UC7 change price,202,HTTP/1.1 202,UC7 2-1,true,,481,0,1,5,http://swa-kovacs-vm1.cs.univie.ac.at/apigate/stores/200/stockitems/300?call_back=http://swa-gabrielkovacs.cs.univie.ac.at/webhook/data,15,0,0,e88c9c65-ecdf-4518-8307-917f860ee338
1603133751188,12,UC4 receive order,202,HTTP/1.1 202,UC4 4-1,true,,435,0,1,5,http://swa-kovacs-vm1.cs.univie.ac.at/apigate/stores/201/orders/113?call_back=http://swa-gabrielkovacs.cs.univie.ac.at/webhook/data,12,0,0,f0c2c315-cb19-4073-a709-76310107ee22
1603133751256,16,UC3 order products,202,HTTP/1.1 202,UC3 3-1,true,,416,0,1,5,http://swa-kovacs-vm1.cs.univie.ac.at/apigate/stores/201/orders?call_back=http://swa-gabrielkovacs.cs.univie.ac.at/webhook/data,14,0,0,7acf5638-7287-45d5-a4b2-f83929476ca0
1603133751269,13,UC6 delivery reports,202,HTTP/1.1 202,UC6 5-1,true,,380,0,1,5,http://swa-kovacs-vm1.cs.univie.ac.at/apigate/enterprises/901/delivery-reports?call_back=http://swa-gabrielkovacs.cs.univie.ac.at/webhook/data,13,0,0,5cb6a6ad-eaee-4bb0-a837-80546323d719
1603133751361,13,UC5 show stock report,202,HTTP/1.1 202,UC5 1-1,true,,381,0,1,5,http://swa-kovacs-vm1.cs.univie.ac.at/apigate/stores/200/stock-item-reports?call_back=http://swa-gabrielkovacs.cs.univie.ac.at/webhook/data,13,0,0,8b5d5066-fb81-4643-8807-499173cb3a82
1603133751472,17,UC7 change price,202,HTTP/1.1 202,UC7 2-1,true,,481,0,1,5,http://swa-kovacs-vm1.cs.univie.ac.at/apigate/stores/200/stockitems/300?call_back=http://swa-gabrielkovacs.cs.univie.ac.at/webhook/data,17,0,0,941f0748-1d8b-48ef-a9c6-98963a0d07f5
1603133751501,12,UC4 receive order,202,HTTP/1.1 202,UC4 4-1,true,,435,0,1,5,http://swa-kovacs-vm1.cs.univie.ac.at/apigate/stores/201/orders/113?call_back=http://swa-gabrielkovacs.cs.univie.ac.at/webhook/data,11,0,0,d3b1614a-96bc-4c19-9823-cabd1272827b
1603133751573,59,UC3 order products,202,HTTP/1.1 202,UC3 3-1,true,,416,0,1,5,http://swa-kovacs-vm1.cs.univie.ac.at/apigate/stores/201/orders?call_back=http://swa-gabrielkovacs.cs.univie.ac.at/webhook/data,58,0,0,7c3192ae-7a81-4da4-ba19-35e514978aaf
1603133751583,55,UC6 delivery reports,202,HTTP/1.1 202,UC6 5-1,true,,380,0,1,5,http://swa-kovacs-vm1.cs.univie.ac.at/apigate/enterprises/901/delivery-reports?call_back=http://swa-gabrielkovacs.cs.univie.ac.at/webhook/data,55,0,0,f71e6a19-6bc5-4629-9d4f-e0c072ce1a90
1603133751674,14,UC5 show stock report,202,HTTP/1.1 202,UC5 1-1,true,,381,0,1,5,http://swa-kovacs-vm1.cs.univie.ac.at/apigate/stores/200/stock-item-reports?call_back=http://swa-gabrielkovacs.cs.univie.ac.at/webhook/data,14,0,0,7a2e379d-5fe2-4203-aaf4-d5f3bca07dee
1603133751790,16,UC7 change price,202,HTTP/1.1 202,UC7 2-1,true,,481,0,1,5,http://swa-kovacs-vm1.cs.univie.ac.at/apigate/stores/200/stockitems/300?call_back=http://swa-gabrielkovacs.cs.univie.ac.at/webhook/data,15,0,0,a9d61754-eb6b-4639-a96e-d727d1dcd8db
1603133751813,14,UC4 receive order,202,HTTP/1.1 202,UC4 4-1,true,,435,0,1,5,http://swa-kovacs-vm1.cs.univie.ac.at/apigate/stores/201/orders/113?call_back=http://swa-gabrielkovacs.cs.univie.ac.at/webhook/data,14,0,0,49bb0152-e8bc-49be-98fa-f4ddc000b57e
1603133751932,19,UC3 order products,202,HTTP/1.1 202,UC3 3-1,true,,416,0,1,5,http://swa-kovacs-vm1.cs.univie.ac.at/apigate/stores/201/orders?call_back=http://swa-gabrielkovacs.cs.univie.ac.at/webhook/data,19,0,0,b78491ab-b4ab-4b31-a709-7563ae41c623
1603133751939,19,UC6 delivery reports,202,HTTP/1.1 202,UC6 5-1,true,,380,0,1,5,http://swa-kovacs-vm1.cs.univie.ac.at/apigate/enterprises/901/delivery-reports?call_back=http://swa-gabrielkovacs.cs.univie.ac.at/webhook/data,17,0,0,989939dd-ea18-4ea5-8dcb-64f97185ba69
1603133751989,14,UC5 show stock report,202,HTTP/1.1 202,UC5 1-1,true,,381,0,1,5,http://swa-kovacs-vm1.cs.univie.ac.at/apigate/stores/200/stock-item-reports?call_back=http://swa-gabrielkovacs.cs.univie.ac.at/webhook/data,14,0,0,695006ec-8262-4695-9c1f-60740de5314a
1603133752107,15,UC7 change price,202,HTTP/1.1 202,UC7 2-1,true,,481,0,1,5,http://swa-kovacs-vm1.cs.univie.ac.at/apigate/stores/200/stockitems/300?call_back=http://swa-gabrielkovacs.cs.univie.ac.at/webhook/data,14,0,0,068eb6b1-f49f-4ec6-9c96-3ef5a793563d
1603133752128,13,UC4 receive order,202,HTTP/1.1 202,UC4 4-1,true,,435,0,1,5,http://swa-kovacs-vm1.cs.univie.ac.at/apigate/stores/201/orders/113?call_back=http://swa-gabrielkovacs.cs.univie.ac.at/webhook/data,12,0,0,fecb0b7b-c424-4459-8378-4844a7b1f75b
1603133752252,20,UC3 order products,202,HTTP/1.1 202,UC3 3-1,true,,416,0,1,5,http://swa-kovacs-vm1.cs.univie.ac.at/apigate/stores/201/orders?call_back=http://swa-gabrielkovacs.cs.univie.ac.at/webhook/data,19,0,0,065a6652-ed09-4251-a68b-b2e429fc99b6
1603133752258,21,UC6 delivery reports,202,HTTP/1.1 202,UC6 5-1,true,,380,0,1,5,http://swa-kovacs-vm1.cs.univie.ac.at/apigate/enterprises/901/delivery-reports?call_back=http://swa-gabrielkovacs.cs.univie.ac.at/webhook/data,21,0,0,355dad21-3ebc-4a54-83f2-5e9c041c4f6d
1603133752304,13,UC5 show stock report,202,HTTP/1.1 202,UC5 1-1,true,,381,0,1,5,http://swa-kovacs-vm1.cs.univie.ac.at/apigate/stores/200/stock-item-reports?call_back=http://swa-gabrielkovacs.cs.univie.ac.at/webhook/data,13,0,0,8fa81ddc-34b9-4661-869a-4964d74dedd3
1603133752424,31,UC7 change price,202,HTTP/1.1 202,UC7 2-1,true,,481,0,1,5,http://swa-kovacs-vm1.cs.univie.ac.at/apigate/stores/200/stockitems/300?call_back=http://swa-gabrielkovacs.cs.univie.ac.at/webhook/data,17,0,0,5e62cb48-186d-4e81-ba4b-74ceb294f0eb
1603133752442,23,UC4 receive order,202,HTTP/1.1 202,UC4 4-1,true,,435,0,1,5,http://swa-kovacs-vm1.cs.univie.ac.at/apigate/stores/201/orders/113?call_back=http://swa-gabrielkovacs.cs.univie.ac.at/webhook/data,23,0,0,aa87bba8-20ac-4480-a834-bb86e9ac8604
1603133752573,19,UC3 order products,202,HTTP/1.1 202,UC3 3-1,true,,416,0,1,5,http://swa-kovacs-vm1.cs.univie.ac.at/apigate/stores/201/orders?call_back=http://swa-gabrielkovacs.cs.univie.ac.at/webhook/data,18,0,0,9cfc6a7c-67df-4dd0-b979-d1abc13c3149
1603133752580,17,UC6 delivery reports,202,HTTP/1.1 202,UC6 5-1,true,,380,0,1,5,http://swa-kovacs-vm1.cs.univie.ac.at/apigate/enterprises/901/delivery-reports?call_back=http://swa-gabrielkovacs.cs.univie.ac.at/webhook/data,17,0,0,958bc6e8-89a3-4512-a162-d16cf281730b
1603133752618,14,UC5 show stock report,202,HTTP/1.1 202,UC5 1-1,true,,381,0,1,5,http://swa-kovacs-vm1.cs.univie.ac.at/apigate/stores/200/stock-item-reports?call_back=http://swa-gabrielkovacs.cs.univie.ac.at/webhook/data,14,0,0,cdcb29bf-d73a-4710-afd3-51069571c0d6
1603133752756,20,UC7 change price,202,HTTP/1.1 202,UC7 2-1,true,,481,0,1,5,http://swa-kovacs-vm1.cs.univie.ac.at/apigate/stores/200/stockitems/300?call_back=http://swa-gabrielkovacs.cs.univie.ac.at/webhook/data,18,0,0,b12e586c-2888-4ee5-a3f1-47965c443b44
1603133752766,17,UC4 receive order,202,HTTP/1.1 202,UC4 4-1,true,,435,0,1,5,http://swa-kovacs-vm1.cs.univie.ac.at/apigate/stores/201/orders/113?call_back=http://swa-gabrielkovacs.cs.univie.ac.at/webhook/data,16,0,0,f41968de-6e62-441b-aaa2-53e83db6c1a9
1603133752893,18,UC3 order products,202,HTTP/1.1 202,UC3 3-1,true,,416,0,1,5,http://swa-kovacs-vm1.cs.univie.ac.at/apigate/stores/201/orders?call_back=http://swa-gabrielkovacs.cs.univie.ac.at/webhook/data,18,0,0,92a6a8b6-4eb3-4cec-9f18-45ec542a502c
1603133752898,16,UC6 delivery reports,202,HTTP/1.1 202,UC6 5-1,true,,380,0,1,5,http://swa-kovacs-vm1.cs.univie.ac.at/apigate/enterprises/901/delivery-reports?call_back=http://swa-gabrielkovacs.cs.univie.ac.at/webhook/data,15,0,0,a0e1e1c8-8c5d-48e9-a863-c2d707a7ab78
1603133752932,15,UC5 show stock report,202,HTTP/1.1 202,UC5 1-1,true,,381,0,1,5,http://swa-kovacs-vm1.cs.univie.ac.at/apigate/stores/200/stock-item-reports?call_back=http://swa-gabrielkovacs.cs.univie.ac.at/webhook/data,15,0,0,a322ddde-30b3-4b56-ad78-37919f511376
1603133753077,15,UC7 change price,202,HTTP/1.1 202,UC7 2-1,true,,481,0,1,5,http://swa-kovacs-vm1.cs.univie.ac.at/apigate/stores/200/stockitems/300?call_back=http://swa-gabrielkovacs.cs.univie.ac.at/webhook/data,14,0,0,abb05918-ef6e-49fa-bc9c-9988039871b9
1603133753083,17,UC4 receive order,202,HTTP/1.1 202,UC4 4-1,true,,435,0,1,5,http://swa-kovacs-vm1.cs.univie.ac.at/apigate/stores/201/orders/113?call_back=http://swa-gabrielkovacs.cs.univie.ac.at/webhook/data,17,0,0,b745486d-be37-4ad8-8776-49d8aef4e0e3
1603133753212,19,UC3 order products,202,HTTP/1.1 202,UC3 3-1,true,,416,0,1,5,http://swa-kovacs-vm1.cs.univie.ac.at/apigate/stores/201/orders?call_back=http://swa-gabrielkovacs.cs.univie.ac.at/webhook/data,19,0,0,0417c73f-0cac-4631-b550-c6fee1879afb
1603133753214,20,UC6 delivery reports,202,HTTP/1.1 202,UC6 5-1,true,,380,0,1,5,http://swa-kovacs-vm1.cs.univie.ac.at/apigate/enterprises/901/delivery-reports?call_back=http://swa-gabrielkovacs.cs.univie.ac.at/webhook/data,19,0,0,eef17498-a3c1-46ea-9c91-4a204dbe35fc
1603133753247,17,UC5 show stock report,202,HTTP/1.1 202,UC5 1-1,true,,381,0,1,5,http://swa-kovacs-vm1.cs.univie.ac.at/apigate/stores/200/stock-item-reports?call_back=http://swa-gabrielkovacs.cs.univie.ac.at/webhook/data,16,0,0,5c4aa029-7104-422b-92aa-e872fff8519c
1603133753393,18,UC7 change price,202,HTTP/1.1 202,UC7 2-1,true,,481,0,1,5,http://swa-kovacs-vm1.cs.univie.ac.at/apigate/stores/200/stockitems/300?call_back=http://swa-gabrielkovacs.cs.univie.ac.at/webhook/data,17,0,0,0f434987-0417-408a-8bb3-327ddd9dc70a
1603133753400,16,UC4 receive order,202,HTTP/1.1 202,UC4 4-1,true,,435,0,1,5,http://swa-kovacs-vm1.cs.univie.ac.at/apigate/stores/201/orders/113?call_back=http://swa-gabrielkovacs.cs.univie.ac.at/webhook/data,15,0,0,7fbaa7fa-44d0-43cb-8877-46a11de3e24b
1603133753532,17,UC3 order products,202,HTTP/1.1 202,UC3 3-1,true,,416,0,1,5,http://swa-kovacs-vm1.cs.univie.ac.at/apigate/stores/201/orders?call_back=http://swa-gabrielkovacs.cs.univie.ac.at/webhook/data,15,0,0,aec73f41-a234-4927-9a75-6534eec4c211
1603133753534,21,UC6 delivery reports,202,HTTP/1.1 202,UC6 5-1,true,,380,0,1,5,http://swa-kovacs-vm1.cs.univie.ac.at/apigate/enterprises/901/delivery-reports?call_back=http://swa-gabrielkovacs.cs.univie.ac.at/webhook/data,21,0,0,36acea96-988c-439b-adaa-26caea828539
1603133753564,15,UC5 show stock report,202,HTTP/1.1 202,UC5 1-1,true,,381,0,1,5,http://swa-kovacs-vm1.cs.univie.ac.at/apigate/stores/200/stock-item-reports?call_back=http://swa-gabrielkovacs.cs.univie.ac.at/webhook/data,14,0,0,89234ea2-c91f-4ee8-92bc-1ddff9bfb41a
1603133753717,15,UC4 receive order,202,HTTP/1.1 202,UC4 4-1,true,,435,0,1,5,http://swa-kovacs-vm1.cs.univie.ac.at/apigate/stores/201/orders/113?call_back=http://swa-gabrielkovacs.cs.univie.ac.at/webhook/data,15,0,0,493e22fd-177b-4161-873e-527a980ada67
1603133753711,22,UC7 change price,202,HTTP/1.1 202,UC7 2-1,true,,481,0,1,5,http://swa-kovacs-vm1.cs.univie.ac.at/apigate/stores/200/stockitems/300?call_back=http://swa-gabrielkovacs.cs.univie.ac.at/webhook/data,22,0,0,26f1d299-1b53-445d-80f2-bd8466c42ea7
1603133753855,18,UC3 order products,202,HTTP/1.1 202,UC3 3-1,true,,416,0,1,5,http://swa-kovacs-vm1.cs.univie.ac.at/apigate/stores/201/orders?call_back=http://swa-gabrielkovacs.cs.univie.ac.at/webhook/data,17,0,0,95910a71-f9df-4796-b1f9-a4325ae0dedb
1603133753856,19,UC6 delivery reports,202,HTTP/1.1 202,UC6 5-1,true,,380,0,1,5,http://swa-kovacs-vm1.cs.univie.ac.at/apigate/enterprises/901/delivery-reports?call_back=http://swa-gabrielkovacs.cs.univie.ac.at/webhook/data,19,0,0,21848990-7d3e-48d2-aea5-50fe2f4add9a
1603133753880,15,UC5 show stock report,202,HTTP/1.1 202,UC5 1-1,true,,381,0,1,5,http://swa-kovacs-vm1.cs.univie.ac.at/apigate/stores/200/stock-item-reports?call_back=http://swa-gabrielkovacs.cs.univie.ac.at/webhook/data,15,0,0,95ab1ad9-9722-48e0-848c-a7cf6fe25da2
1603133754033,20,UC4 receive order,202,HTTP/1.1 202,UC4 4-1,true,,435,0,1,5,http://swa-kovacs-vm1.cs.univie.ac.at/apigate/stores/201/orders/113?call_back=http://swa-gabrielkovacs.cs.univie.ac.at/webhook/data,20,0,0,fe842664-8b07-4cf0-8cf3-f35ad6ea53cb
1603133754034,20,UC7 change price,202,HTTP/1.1 202,UC7 2-1,true,,481,0,1,5,http://swa-kovacs-vm1.cs.univie.ac.at/apigate/stores/200/stockitems/300?call_back=http://swa-gabrielkovacs.cs.univie.ac.at/webhook/data,20,0,0,b8cf1748-8437-4284-8adb-4380cfc20a79
1603133754175,16,UC6 delivery reports,202,HTTP/1.1 202,UC6 5-1,true,,380,0,1,5,http://swa-kovacs-vm1.cs.univie.ac.at/apigate/enterprises/901/delivery-reports?call_back=http://swa-gabrielkovacs.cs.univie.ac.at/webhook/data,15,0,0,3fa75e81-24c5-49eb-8927-efd7fc83b84b
1603133754174,21,UC3 order products,202,HTTP/1.1 202,UC3 3-1,true,,416,0,1,5,http://swa-kovacs-vm1.cs.univie.ac.at/apigate/stores/201/orders?call_back=http://swa-gabrielkovacs.cs.univie.ac.at/webhook/data,21,0,0,becc9796-18af-41ce-9130-41baf696cdc2
1603133754196,12,UC5 show stock report,202,HTTP/1.1 202,UC5 1-1,true,,381,0,1,5,http://swa-kovacs-vm1.cs.univie.ac.at/apigate/stores/200/stock-item-reports?call_back=http://swa-gabrielkovacs.cs.univie.ac.at/webhook/data,12,0,0,9591f3f5-6fa0-42c0-8a55-f81f17cbb4f9
1603133754354,18,UC4 receive order,202,HTTP/1.1 202,UC4 4-1,true,,435,0,1,5,http://swa-kovacs-vm1.cs.univie.ac.at/apigate/stores/201/orders/113?call_back=http://swa-gabrielkovacs.cs.univie.ac.at/webhook/data,18,0,0,3ee8b2a3-2f6a-45cf-a89f-6ed7fa5b634f
1603133754355,21,UC7 change price,202,HTTP/1.1 202,UC7 2-1,true,,481,0,1,5,http://swa-kovacs-vm1.cs.univie.ac.at/apigate/stores/200/stockitems/300?call_back=http://swa-gabrielkovacs.cs.univie.ac.at/webhook/data,21,0,0,ae2a414b-3cbd-42e5-87ba-5df1f123734a
1603133754496,16,UC3 order products,202,HTTP/1.1 202,UC3 3-1,true,,416,0,1,5,http://swa-kovacs-vm1.cs.univie.ac.at/apigate/stores/201/orders?call_back=http://swa-gabrielkovacs.cs.univie.ac.at/webhook/data,15,0,0,8bbfaf35-6406-4a40-bf1b-da9b3ad88666
1603133754492,22,UC6 delivery reports,202,HTTP/1.1 202,UC6 5-1,true,,380,0,1,5,http://swa-kovacs-vm1.cs.univie.ac.at/apigate/enterprises/901/delivery-reports?call_back=http://swa-gabrielkovacs.cs.univie.ac.at/webhook/data,22,0,0,7d9776e5-be38-4ea9-998d-3233005dba50
1603133754509,19,UC5 show stock report,202,HTTP/1.1 202,UC5 1-1,true,,381,0,1,5,http://swa-kovacs-vm1.cs.univie.ac.at/apigate/stores/200/stock-item-reports?call_back=http://swa-gabrielkovacs.cs.univie.ac.at/webhook/data,19,0,0,6d7eac1c-7d81-46e8-b282-cb76d1f0541d
1603133754673,20,UC4 receive order,202,HTTP/1.1 202,UC4 4-1,true,,435,0,1,5,http://swa-kovacs-vm1.cs.univie.ac.at/apigate/stores/201/orders/113?call_back=http://swa-gabrielkovacs.cs.univie.ac.at/webhook/data,18,0,0,39a32608-f6a3-4ab0-b39a-0c951a94205f
1603133754677,21,UC7 change price,202,HTTP/1.1 202,UC7 2-1,true,,481,0,1,5,http://swa-kovacs-vm1.cs.univie.ac.at/apigate/stores/200/stockitems/300?call_back=http://swa-gabrielkovacs.cs.univie.ac.at/webhook/data,21,0,0,3b22e355-0ea8-48fb-b972-38fc0de1bb92
1603133754813,20,UC3 order products,202,HTTP/1.1 202,UC3 3-1,true,,416,0,1,5,http://swa-kovacs-vm1.cs.univie.ac.at/apigate/stores/201/orders?call_back=http://swa-gabrielkovacs.cs.univie.ac.at/webhook/data,16,0,0,6d50a9ed-1265-4119-87ee-7194a4fd01a5
1603133754815,18,UC6 delivery reports,202,HTTP/1.1 202,UC6 5-1,true,,380,0,1,5,http://swa-kovacs-vm1.cs.univie.ac.at/apigate/enterprises/901/delivery-reports?call_back=http://swa-gabrielkovacs.cs.univie.ac.at/webhook/data,18,0,0,60af9011-0ad1-47d2-b6c3-4678a5023ce6
1603133754829,14,UC5 show stock report,202,HTTP/1.1 202,UC5 1-1,true,,381,0,1,5,http://swa-kovacs-vm1.cs.univie.ac.at/apigate/stores/200/stock-item-reports?call_back=http://swa-gabrielkovacs.cs.univie.ac.at/webhook/data,14,0,0,5a951e16-4fec-48a0-ad7d-ab430e09b0c3
1603133754994,21,UC4 receive order,202,HTTP/1.1 202,UC4 4-1,true,,435,0,1,5,http://swa-kovacs-vm1.cs.univie.ac.at/apigate/stores/201/orders/113?call_back=http://swa-gabrielkovacs.cs.univie.ac.at/webhook/data,21,0,0,a20a0644-b9a2-4460-815e-c0c1118b2f6d
1603133754999,19,UC7 change price,202,HTTP/1.1 202,UC7 2-1,true,,481,0,1,5,http://swa-kovacs-vm1.cs.univie.ac.at/apigate/stores/200/stockitems/300?call_back=http://swa-gabrielkovacs.cs.univie.ac.at/webhook/data,18,0,0,236dcbf5-83e8-4470-95f1-bd97b5c078ad
1603133755134,25,UC6 delivery reports,202,HTTP/1.1 202,UC6 5-1,true,,380,0,1,5,http://swa-kovacs-vm1.cs.univie.ac.at/apigate/enterprises/901/delivery-reports?call_back=http://swa-gabrielkovacs.cs.univie.ac.at/webhook/data,22,0,0,2e04c0a6-e85a-4ce3-ac77-ea2f7cb1895c
1603133755144,19,UC5 show stock report,202,HTTP/1.1 202,UC5 1-1,true,,381,0,1,5,http://swa-kovacs-vm1.cs.univie.ac.at/apigate/stores/200/stock-item-reports?call_back=http://swa-gabrielkovacs.cs.univie.ac.at/webhook/data,17,0,0,229d13e7-f0ec-492a-9d0d-91f2e4224556
1603133755133,32,UC3 order products,202,HTTP/1.1 202,UC3 3-1,true,,416,0,1,5,http://swa-kovacs-vm1.cs.univie.ac.at/apigate/stores/201/orders?call_back=http://swa-gabrielkovacs.cs.univie.ac.at/webhook/data,32,0,0,193dd1f9-538a-4287-8cfc-5ad4d93c3445
1603133755316,20,UC4 receive order,202,HTTP/1.1 202,UC4 4-1,true,,435,0,1,5,http://swa-kovacs-vm1.cs.univie.ac.at/apigate/stores/201/orders/113?call_back=http://swa-gabrielkovacs.cs.univie.ac.at/webhook/data,20,0,0,44511ee6-feea-4fdd-90a4-6b66468b7c10
1603133755318,21,UC7 change price,202,HTTP/1.1 202,UC7 2-1,true,,481,0,1,5,http://swa-kovacs-vm1.cs.univie.ac.at/apigate/stores/200/stockitems/300?call_back=http://swa-gabrielkovacs.cs.univie.ac.at/webhook/data,21,0,0,2ba93a9e-5f05-4b14-b928-9c25dfc5e0bc
1603133755463,24,UC5 show stock report,202,HTTP/1.1 202,UC5 1-1,true,,381,0,1,5,http://swa-kovacs-vm1.cs.univie.ac.at/apigate/stores/200/stock-item-reports?call_back=http://swa-gabrielkovacs.cs.univie.ac.at/webhook/data,20,0,0,b2913023-5b95-46ef-9920-5ee6aff01267
1603133755460,33,UC6 delivery reports,202,HTTP/1.1 202,UC6 5-1,true,,380,0,1,5,http://swa-kovacs-vm1.cs.univie.ac.at/apigate/enterprises/901/delivery-reports?call_back=http://swa-gabrielkovacs.cs.univie.ac.at/webhook/data,33,0,0,5a2174e5-42d2-418c-a5d7-eeccc081bbc8
1603133755466,29,UC3 order products,202,HTTP/1.1 202,UC3 3-1,true,,416,0,1,5,http://swa-kovacs-vm1.cs.univie.ac.at/apigate/stores/201/orders?call_back=http://swa-gabrielkovacs.cs.univie.ac.at/webhook/data,29,0,0,c23a42b2-020d-4d16-857d-c62d75d87eca
1603133755637,22,UC4 receive order,202,HTTP/1.1 202,UC4 4-1,true,,435,0,1,5,http://swa-kovacs-vm1.cs.univie.ac.at/apigate/stores/201/orders/113?call_back=http://swa-gabrielkovacs.cs.univie.ac.at/webhook/data,21,0,0,2cab7282-8128-4ba1-b25e-dffadef47924
1603133755639,22,UC7 change price,202,HTTP/1.1 202,UC7 2-1,true,,481,0,1,5,http://swa-kovacs-vm1.cs.univie.ac.at/apigate/stores/200/stockitems/300?call_back=http://swa-gabrielkovacs.cs.univie.ac.at/webhook/data,21,0,0,f9ba1e2e-c50a-44c3-8cf7-cac0725ae4c0
1603133755796,18,UC3 order products,202,HTTP/1.1 202,UC3 3-1,true,,416,0,1,5,http://swa-kovacs-vm1.cs.univie.ac.at/apigate/stores/201/orders?call_back=http://swa-gabrielkovacs.cs.univie.ac.at/webhook/data,18,0,0,c2a1e59c-b08d-4000-b88e-276f69e3a394
1603133755788,29,UC5 show stock report,202,HTTP/1.1 202,UC5 1-1,true,,381,0,1,5,http://swa-kovacs-vm1.cs.univie.ac.at/apigate/stores/200/stock-item-reports?call_back=http://swa-gabrielkovacs.cs.univie.ac.at/webhook/data,29,0,0,7d6155f1-e19d-46ac-91e7-bee5f8290dbc
1603133755794,24,UC6 delivery reports,202,HTTP/1.1 202,UC6 5-1,true,,380,0,1,5,http://swa-kovacs-vm1.cs.univie.ac.at/apigate/enterprises/901/delivery-reports?call_back=http://swa-gabrielkovacs.cs.univie.ac.at/webhook/data,23,0,0,4eef851c-aefb-4ba9-aee3-3cbae8640f23
1603133755961,23,UC7 change price,202,HTTP/1.1 202,UC7 2-1,true,,481,0,1,5,http://swa-kovacs-vm1.cs.univie.ac.at/apigate/stores/200/stockitems/300?call_back=http://swa-gabrielkovacs.cs.univie.ac.at/webhook/data,22,0,0,8681d10d-bd1f-49cc-90b2-69044992eda8
1603133755960,24,UC4 receive order,202,HTTP/1.1 202,UC4 4-1,true,,435,0,1,5,http://swa-kovacs-vm1.cs.univie.ac.at/apigate/stores/201/orders/113?call_back=http://swa-gabrielkovacs.cs.univie.ac.at/webhook/data,23,0,0,288c8548-5c2d-48c8-9f2a-58e1032193d8
1603133756118,25,UC6 delivery reports,202,HTTP/1.1 202,UC6 5-1,true,,380,0,1,5,http://swa-kovacs-vm1.cs.univie.ac.at/apigate/enterprises/901/delivery-reports?call_back=http://swa-gabrielkovacs.cs.univie.ac.at/webhook/data,24,0,0,5cf5637c-808d-4a6a-a8d9-c2f68fff1f86
1603133756115,28,UC3 order products,202,HTTP/1.1 202,UC3 3-1,true,,416,0,1,5,http://swa-kovacs-vm1.cs.univie.ac.at/apigate/stores/201/orders?call_back=http://swa-gabrielkovacs.cs.univie.ac.at/webhook/data,28,0,0,307c6f92-451b-4b17-b779-1add1744cfea
1603133756118,27,UC5 show stock report,202,HTTP/1.1 202,UC5 1-1,true,,381,0,1,5,http://swa-kovacs-vm1.cs.univie.ac.at/apigate/stores/200/stock-item-reports?call_back=http://swa-gabrielkovacs.cs.univie.ac.at/webhook/data,26,0,0,d339067d-4495-4426-a067-be13c0ff5e57
1603133756285,20,UC4 receive order,202,HTTP/1.1 202,UC4 4-1,true,,435,0,1,5,http://swa-kovacs-vm1.cs.univie.ac.at/apigate/stores/201/orders/113?call_back=http://swa-gabrielkovacs.cs.univie.ac.at/webhook/data,19,0,0,10361168-f8b8-44fc-870c-aa8c7a300a52
1603133756284,23,UC7 change price,202,HTTP/1.1 202,UC7 2-1,true,,481,0,1,5,http://swa-kovacs-vm1.cs.univie.ac.at/apigate/stores/200/stockitems/300?call_back=http://swa-gabrielkovacs.cs.univie.ac.at/webhook/data,23,0,0,2f55cb82-e1e5-432a-8e66-80d23f1d1789
1603133756444,17,UC3 order products,202,HTTP/1.1 202,UC3 3-1,true,,416,0,1,5,http://swa-kovacs-vm1.cs.univie.ac.at/apigate/stores/201/orders?call_back=http://swa-gabrielkovacs.cs.univie.ac.at/webhook/data,15,0,0,d8182a6f-f774-4e68-b21d-a69855e19ae9
1603133756445,24,UC5 show stock report,202,HTTP/1.1 202,UC5 1-1,true,,381,0,1,5,http://swa-kovacs-vm1.cs.univie.ac.at/apigate/stores/200/stock-item-reports?call_back=http://swa-gabrielkovacs.cs.univie.ac.at/webhook/data,24,0,0,991d062f-b8f6-4dff-a8ee-a2a4143adc03
1603133756444,38,UC6 delivery reports,202,HTTP/1.1 202,UC6 5-1,true,,380,0,1,5,http://swa-kovacs-vm1.cs.univie.ac.at/apigate/enterprises/901/delivery-reports?call_back=http://swa-gabrielkovacs.cs.univie.ac.at/webhook/data,38,0,0,0ab817cf-c1b2-4467-8b06-c637696623a3
1603133756606,21,UC4 receive order,202,HTTP/1.1 202,UC4 4-1,true,,435,0,1,5,http://swa-kovacs-vm1.cs.univie.ac.at/apigate/stores/201/orders/113?call_back=http://swa-gabrielkovacs.cs.univie.ac.at/webhook/data,21,0,0,05faa8fc-f05f-4ef4-b376-9afdca4b41f6
1603133756608,20,UC7 change price,202,HTTP/1.1 202,UC7 2-1,true,,481,0,1,5,http://swa-kovacs-vm1.cs.univie.ac.at/apigate/stores/200/stockitems/300?call_back=http://swa-gabrielkovacs.cs.univie.ac.at/webhook/data,18,0,0,e3b0e7f0-e0ef-48e5-ae1c-95d68b738b67
1603133756761,16,UC3 order products,202,HTTP/1.1 202,UC3 3-1,true,,416,0,1,5,http://swa-kovacs-vm1.cs.univie.ac.at/apigate/stores/201/orders?call_back=http://swa-gabrielkovacs.cs.univie.ac.at/webhook/data,16,0,0,4aa0f6c4-60ba-447e-b94e-e953d8400d1e
1603133756770,16,UC5 show stock report,202,HTTP/1.1 202,UC5 1-1,true,,381,0,1,5,http://swa-kovacs-vm1.cs.univie.ac.at/apigate/stores/200/stock-item-reports?call_back=http://swa-gabrielkovacs.cs.univie.ac.at/webhook/data,16,0,0,47c5b704-1409-40ec-b51c-c5352f47b472
1603133756782,16,UC6 delivery reports,202,HTTP/1.1 202,UC6 5-1,true,,380,0,1,5,http://swa-kovacs-vm1.cs.univie.ac.at/apigate/enterprises/901/delivery-reports?call_back=http://swa-gabrielkovacs.cs.univie.ac.at/webhook/data,15,0,0,c9d1ae05-2cf9-49c2-83fc-775e7d8f752b
1603133756928,17,UC4 receive order,202,HTTP/1.1 202,UC4 4-1,true,,435,0,1,5,http://swa-kovacs-vm1.cs.univie.ac.at/apigate/stores/201/orders/113?call_back=http://swa-gabrielkovacs.cs.univie.ac.at/webhook/data,17,0,0,0a4f31d5-cf13-4214-befc-1c1c69084d5d
1603133756929,20,UC7 change price,202,HTTP/1.1 202,UC7 2-1,true,,481,0,1,5,http://swa-kovacs-vm1.cs.univie.ac.at/apigate/stores/200/stockitems/300?call_back=http://swa-gabrielkovacs.cs.univie.ac.at/webhook/data,20,0,0,b203474a-ffe2-4655-b54a-faee8aa91c7d
1603133757078,14,UC3 order products,202,HTTP/1.1 202,UC3 3-1,true,,416,0,1,5,http://swa-kovacs-vm1.cs.univie.ac.at/apigate/stores/201/orders?call_back=http://swa-gabrielkovacs.cs.univie.ac.at/webhook/data,13,0,0,711bcfb0-a663-432c-88b5-ca511db04dac
1603133757087,19,UC5 show stock report,202,HTTP/1.1 202,UC5 1-1,true,,381,0,1,5,http://swa-kovacs-vm1.cs.univie.ac.at/apigate/stores/200/stock-item-reports?call_back=http://swa-gabrielkovacs.cs.univie.ac.at/webhook/data,18,0,0,a000d01c-e9eb-40cc-a280-7afaf563726b
1603133757098,16,UC6 delivery reports,202,HTTP/1.1 202,UC6 5-1,true,,380,0,1,5,http://swa-kovacs-vm1.cs.univie.ac.at/apigate/enterprises/901/delivery-reports?call_back=http://swa-gabrielkovacs.cs.univie.ac.at/webhook/data,16,0,0,1d293e26-5288-4a2b-b7fe-6d8411f85144
1603133757246,21,UC4 receive order,202,HTTP/1.1 202,UC4 4-1,true,,435,0,1,5,http://swa-kovacs-vm1.cs.univie.ac.at/apigate/stores/201/orders/113?call_back=http://swa-gabrielkovacs.cs.univie.ac.at/webhook/data,20,0,0,cef7ec5f-f499-4072-b044-03bd58be9e85
1603133757250,18,UC7 change price,202,HTTP/1.1 202,UC7 2-1,true,,481,0,1,5,http://swa-kovacs-vm1.cs.univie.ac.at/apigate/stores/200/stockitems/300?call_back=http://swa-gabrielkovacs.cs.univie.ac.at/webhook/data,18,0,0,43b69e6d-4b7e-4b13-a970-a45fbe469363
1603133757392,18,UC3 order products,202,HTTP/1.1 202,UC3 3-1,true,,416,0,1,5,http://swa-kovacs-vm1.cs.univie.ac.at/apigate/stores/201/orders?call_back=http://swa-gabrielkovacs.cs.univie.ac.at/webhook/data,16,0,0,6e3c619d-4c6d-4cfc-915f-798cd8c3e288
1603133757415,15,UC6 delivery reports,202,HTTP/1.1 202,UC6 5-1,true,,380,0,1,5,http://swa-kovacs-vm1.cs.univie.ac.at/apigate/enterprises/901/delivery-reports?call_back=http://swa-gabrielkovacs.cs.univie.ac.at/webhook/data,14,0,0,0b56a6ad-9b23-4369-af8e-9c75a7d25d44
1603133757407,24,UC5 show stock report,202,HTTP/1.1 202,UC5 1-1,true,,381,0,1,5,http://swa-kovacs-vm1.cs.univie.ac.at/apigate/stores/200/stock-item-reports?call_back=http://swa-gabrielkovacs.cs.univie.ac.at/webhook/data,23,0,0,9e0afcc0-6aab-476b-b85b-8a79c7790476
1603133757568,28,UC4 receive order,202,HTTP/1.1 202,UC4 4-1,true,,435,0,1,5,http://swa-kovacs-vm1.cs.univie.ac.at/apigate/stores/201/orders/113?call_back=http://swa-gabrielkovacs.cs.univie.ac.at/webhook/data,27,0,0,3e875ada-5af4-4fdb-b4b8-62bd0ac5e194
1603133757576,20,UC7 change price,202,HTTP/1.1 202,UC7 2-1,true,,481,0,1,5,http://swa-kovacs-vm1.cs.univie.ac.at/apigate/stores/200/stockitems/300?call_back=http://swa-gabrielkovacs.cs.univie.ac.at/webhook/data,18,0,0,b76ae8b5-2059-40d7-8b11-2ce81ae84281
1603133757710,15,UC3 order products,202,HTTP/1.1 202,UC3 3-1,true,,416,0,1,5,http://swa-kovacs-vm1.cs.univie.ac.at/apigate/stores/201/orders?call_back=http://swa-gabrielkovacs.cs.univie.ac.at/webhook/data,14,0,0,09eba945-d737-44bc-9cf0-60e4e3429817
1603133757731,19,UC6 delivery reports,202,HTTP/1.1 202,UC6 5-1,true,,380,0,1,5,http://swa-kovacs-vm1.cs.univie.ac.at/apigate/enterprises/901/delivery-reports?call_back=http://swa-gabrielkovacs.cs.univie.ac.at/webhook/data,19,0,0,5256d74d-cf2c-4de0-992e-fe9e7f28351b
1603133757732,19,UC5 show stock report,202,HTTP/1.1 202,UC5 1-1,true,,381,0,1,5,http://swa-kovacs-vm1.cs.univie.ac.at/apigate/stores/200/stock-item-reports?call_back=http://swa-gabrielkovacs.cs.univie.ac.at/webhook/data,17,0,0,dc4ea735-521f-4539-b2a0-a26f99c56c02
1603133757896,19,UC4 receive order,202,HTTP/1.1 202,UC4 4-1,true,,435,0,1,5,http://swa-kovacs-vm1.cs.univie.ac.at/apigate/stores/201/orders/113?call_back=http://swa-gabrielkovacs.cs.univie.ac.at/webhook/data,18,0,0,ab4f378a-3f7e-4350-8f69-656248c51e38
1603133757897,21,UC7 change price,202,HTTP/1.1 202,UC7 2-1,true,,476,0,1,5,http://swa-kovacs-vm1.cs.univie.ac.at/apigate/stores/200/stockitems/300?call_back=http://swa-gabrielkovacs.cs.univie.ac.at/webhook/data,21,0,0,59a9905d-caa0-498a-8fc8-6dd9db27829a
1603133758026,14,UC3 order products,202,HTTP/1.1 202,UC3 3-1,true,,416,0,1,5,http://swa-kovacs-vm1.cs.univie.ac.at/apigate/stores/201/orders?call_back=http://swa-gabrielkovacs.cs.univie.ac.at/webhook/data,14,0,0,b7a5ca34-8102-41f8-afb4-5ceeac2b9a4e
1603133758051,18,UC6 delivery reports,202,HTTP/1.1 202,UC6 5-1,true,,380,0,1,5,http://swa-kovacs-vm1.cs.univie.ac.at/apigate/enterprises/901/delivery-reports?call_back=http://swa-gabrielkovacs.cs.univie.ac.at/webhook/data,18,0,0,70b82f99-c589-4ced-9e70-eb42be0358ab
1603133758052,21,UC5 show stock report,202,HTTP/1.1 202,UC5 1-1,true,,381,0,1,5,http://swa-kovacs-vm1.cs.univie.ac.at/apigate/stores/200/stock-item-reports?call_back=http://swa-gabrielkovacs.cs.univie.ac.at/webhook/data,21,0,0,f7cd6e57-1e29-4db9-8042-94fcd2f114e6
1603133758218,19,UC7 change price,202,HTTP/1.1 202,UC7 2-1,true,,481,0,1,5,http://swa-kovacs-vm1.cs.univie.ac.at/apigate/stores/200/stockitems/300?call_back=http://swa-gabrielkovacs.cs.univie.ac.at/webhook/data,19,0,0,959a34a5-c259-42ea-8c24-36139743754a
1603133758215,24,UC4 receive order,202,HTTP/1.1 202,UC4 4-1,true,,435,0,1,5,http://swa-kovacs-vm1.cs.univie.ac.at/apigate/stores/201/orders/113?call_back=http://swa-gabrielkovacs.cs.univie.ac.at/webhook/data,22,0,0,98ca90fb-a34c-473a-99e8-0969dc7a77d7
1603133758341,15,UC3 order products,202,HTTP/1.1 202,UC3 3-1,true,,416,0,1,5,http://swa-kovacs-vm1.cs.univie.ac.at/apigate/stores/201/orders?call_back=http://swa-gabrielkovacs.cs.univie.ac.at/webhook/data,15,0,0,c424cf27-42c0-441a-af12-b5bd3551aae1
1603133758370,20,UC6 delivery reports,202,HTTP/1.1 202,UC6 5-1,true,,380,0,1,5,http://swa-kovacs-vm1.cs.univie.ac.at/apigate/enterprises/901/delivery-reports?call_back=http://swa-gabrielkovacs.cs.univie.ac.at/webhook/data,19,0,0,b3d2dc95-2110-4483-84a4-97ecae890dd1
1603133758374,21,UC5 show stock report,202,HTTP/1.1 202,UC5 1-1,true,,381,0,1,5,http://swa-kovacs-vm1.cs.univie.ac.at/apigate/stores/200/stock-item-reports?call_back=http://swa-gabrielkovacs.cs.univie.ac.at/webhook/data,20,0,0,e952384a-64b6-47cb-b251-e90bd7f70ce1
1603133758539,16,UC4 receive order,202,HTTP/1.1 202,UC4 4-1,true,,435,0,1,5,http://swa-kovacs-vm1.cs.univie.ac.at/apigate/stores/201/orders/113?call_back=http://swa-gabrielkovacs.cs.univie.ac.at/webhook/data,16,0,0,4c402407-3003-4b99-9dac-cc5c13f9db07
1603133758538,21,UC7 change price,202,HTTP/1.1 202,UC7 2-1,true,,481,0,1,5,http://swa-kovacs-vm1.cs.univie.ac.at/apigate/stores/200/stockitems/300?call_back=http://swa-gabrielkovacs.cs.univie.ac.at/webhook/data,21,0,0,bf0dbdc7-3527-4421-bbb8-3abf8b01742a
1603133758657,16,UC3 order products,202,HTTP/1.1 202,UC3 3-1,true,,416,0,1,5,http://swa-kovacs-vm1.cs.univie.ac.at/apigate/stores/201/orders?call_back=http://swa-gabrielkovacs.cs.univie.ac.at/webhook/data,15,0,0,70f5183b-f422-4f1f-a775-9e059b3a5ac6
1603133758690,16,UC6 delivery reports,202,HTTP/1.1 202,UC6 5-1,true,,380,0,1,5,http://swa-kovacs-vm1.cs.univie.ac.at/apigate/enterprises/901/delivery-reports?call_back=http://swa-gabrielkovacs.cs.univie.ac.at/webhook/data,15,0,0,38db3f5e-c2dd-4407-bc6e-0e0ea9730301
1603133758695,16,UC5 show stock report,202,HTTP/1.1 202,UC5 1-1,true,,381,0,1,5,http://swa-kovacs-vm1.cs.univie.ac.at/apigate/stores/200/stock-item-reports?call_back=http://swa-gabrielkovacs.cs.univie.ac.at/webhook/data,15,0,0,55b9257c-9b12-4189-88f6-2c4ce2795d00
1603133758856,16,UC4 receive order,202,HTTP/1.1 202,UC4 4-1,true,,435,0,1,5,http://swa-kovacs-vm1.cs.univie.ac.at/apigate/stores/201/orders/113?call_back=http://swa-gabrielkovacs.cs.univie.ac.at/webhook/data,16,0,0,3cd1afcd-db86-46ac-b04c-5be96a6e9276
1603133758860,15,UC7 change price,202,HTTP/1.1 202,UC7 2-1,true,,481,0,1,5,http://swa-kovacs-vm1.cs.univie.ac.at/apigate/stores/200/stockitems/300?call_back=http://swa-gabrielkovacs.cs.univie.ac.at/webhook/data,15,0,0,f1006df0-893c-4bef-8686-04907f30e1dc
1603133758974,14,UC3 order products,202,HTTP/1.1 202,UC3 3-1,true,,416,0,1,5,http://swa-kovacs-vm1.cs.univie.ac.at/apigate/stores/201/orders?call_back=http://swa-gabrielkovacs.cs.univie.ac.at/webhook/data,14,0,0,3796890d-f90d-4490-b38e-39628dbf8632
1603133759006,19,UC6 delivery reports,202,HTTP/1.1 202,UC6 5-1,true,,380,0,1,5,http://swa-kovacs-vm1.cs.univie.ac.at/apigate/enterprises/901/delivery-reports?call_back=http://swa-gabrielkovacs.cs.univie.ac.at/webhook/data,18,0,0,5f78d10b-ba59-4def-8d0c-5b31d5cbdb82
1603133759011,18,UC5 show stock report,202,HTTP/1.1 202,UC5 1-1,true,,381,0,1,5,http://swa-kovacs-vm1.cs.univie.ac.at/apigate/stores/200/stock-item-reports?call_back=http://swa-gabrielkovacs.cs.univie.ac.at/webhook/data,17,0,0,c3bc6513-5c9d-41d5-a04b-8ba7ba116b6a
1603133759173,16,UC4 receive order,202,HTTP/1.1 202,UC4 4-1,true,,435,0,1,5,http://swa-kovacs-vm1.cs.univie.ac.at/apigate/stores/201/orders/113?call_back=http://swa-gabrielkovacs.cs.univie.ac.at/webhook/data,15,0,0,e283e832-b5ba-4f68-a5a7-893d82018d0b
1603133759176,18,UC7 change price,202,HTTP/1.1 202,UC7 2-1,true,,481,0,1,5,http://swa-kovacs-vm1.cs.univie.ac.at/apigate/stores/200/stockitems/300?call_back=http://swa-gabrielkovacs.cs.univie.ac.at/webhook/data,17,0,0,c987b449-db95-4663-a097-79bf35fd993b
1603133759289,17,UC3 order products,202,HTTP/1.1 202,UC3 3-1,true,,416,0,1,5,http://swa-kovacs-vm1.cs.univie.ac.at/apigate/stores/201/orders?call_back=http://swa-gabrielkovacs.cs.univie.ac.at/webhook/data,15,0,0,8f0114c9-b786-474c-83f9-701d28e60857
1603133759329,19,UC5 show stock report,202,HTTP/1.1 202,UC5 1-1,true,,381,0,1,5,http://swa-kovacs-vm1.cs.univie.ac.at/apigate/stores/200/stock-item-reports?call_back=http://swa-gabrielkovacs.cs.univie.ac.at/webhook/data,18,0,0,615b1642-4602-44f4-a2c0-765e0a68a6a7
1603133759325,25,UC6 delivery reports,202,HTTP/1.1 202,UC6 5-1,true,,380,0,1,5,http://swa-kovacs-vm1.cs.univie.ac.at/apigate/enterprises/901/delivery-reports?call_back=http://swa-gabrielkovacs.cs.univie.ac.at/webhook/data,25,0,0,2fb18ef6-5ece-4a55-a396-536860aebcd6
1603133759489,18,UC4 receive order,202,HTTP/1.1 202,UC4 4-1,true,,435,0,1,5,http://swa-kovacs-vm1.cs.univie.ac.at/apigate/stores/201/orders/113?call_back=http://swa-gabrielkovacs.cs.univie.ac.at/webhook/data,18,0,0,ba14e42f-4f2f-4795-80a8-abc2954c3e7a
1603133759494,24,UC7 change price,202,HTTP/1.1 202,UC7 2-1,true,,481,0,1,5,http://swa-kovacs-vm1.cs.univie.ac.at/apigate/stores/200/stockitems/300?call_back=http://swa-gabrielkovacs.cs.univie.ac.at/webhook/data,23,0,0,a978a117-0be0-454d-91e6-1fa96de60680
1603133759607,13,UC3 order products,202,HTTP/1.1 202,UC3 3-1,true,,416,0,1,5,http://swa-kovacs-vm1.cs.univie.ac.at/apigate/stores/201/orders?call_back=http://swa-gabrielkovacs.cs.univie.ac.at/webhook/data,13,0,0,dfeaa01f-16e9-4e1c-a0f6-4356b60cef11
1603133759649,18,UC5 show stock report,202,HTTP/1.1 202,UC5 1-1,true,,381,0,1,5,http://swa-kovacs-vm1.cs.univie.ac.at/apigate/stores/200/stock-item-reports?call_back=http://swa-gabrielkovacs.cs.univie.ac.at/webhook/data,16,0,0,306606ef-32eb-4d8f-8e1d-488cbeda2df8
1603133759651,16,UC6 delivery reports,202,HTTP/1.1 202,UC6 5-1,true,,380,0,1,5,http://swa-kovacs-vm1.cs.univie.ac.at/apigate/enterprises/901/delivery-reports?call_back=http://swa-gabrielkovacs.cs.univie.ac.at/webhook/data,16,0,0,745e7efc-e276-413b-bb98-f98b823968c8
1603133759808,17,UC4 receive order,202,HTTP/1.1 202,UC4 4-1,true,,435,0,1,5,http://swa-kovacs-vm1.cs.univie.ac.at/apigate/stores/201/orders/113?call_back=http://swa-gabrielkovacs.cs.univie.ac.at/webhook/data,16,0,0,be9e50aa-a3f8-448c-96a4-35f6087d6c82
1603133759818,17,UC7 change price,202,HTTP/1.1 202,UC7 2-1,true,,481,0,1,5,http://swa-kovacs-vm1.cs.univie.ac.at/apigate/stores/200/stockitems/300?call_back=http://swa-gabrielkovacs.cs.univie.ac.at/webhook/data,16,0,0,c2e07c93-2c3a-445e-ba7a-f83ae9bef9fc
1603133759921,13,UC3 order products,202,HTTP/1.1 202,UC3 3-1,true,,416,0,1,5,http://swa-kovacs-vm1.cs.univie.ac.at/apigate/stores/201/orders?call_back=http://swa-gabrielkovacs.cs.univie.ac.at/webhook/data,13,0,0,8af4b4bb-f409-456d-b122-008fb022ef45
1603133759968,17,UC6 delivery reports,202,HTTP/1.1 202,UC6 5-1,true,,380,0,1,5,http://swa-kovacs-vm1.cs.univie.ac.at/apigate/enterprises/901/delivery-reports?call_back=http://swa-gabrielkovacs.cs.univie.ac.at/webhook/data,17,0,0,41958868-eb00-4128-9fed-de65beebfe77
1603133759967,20,UC5 show stock report,202,HTTP/1.1 202,UC5 1-1,true,,381,0,1,5,http://swa-kovacs-vm1.cs.univie.ac.at/apigate/stores/200/stock-item-reports?call_back=http://swa-gabrielkovacs.cs.univie.ac.at/webhook/data,19,0,0,b8e4aaa2-a0f3-4117-bd9d-15e21e3389ea
1603133760126,21,UC4 receive order,202,HTTP/1.1 202,UC4 4-1,true,,435,0,1,5,http://swa-kovacs-vm1.cs.univie.ac.at/apigate/stores/201/orders/113?call_back=http://swa-gabrielkovacs.cs.univie.ac.at/webhook/data,20,0,0,6f22e008-e338-4b8a-95b0-d1738be0c312
1603133760135,17,UC7 change price,202,HTTP/1.1 202,UC7 2-1,true,,481,0,1,5,http://swa-kovacs-vm1.cs.univie.ac.at/apigate/stores/200/stockitems/300?call_back=http://swa-gabrielkovacs.cs.univie.ac.at/webhook/data,16,0,0,c06b71ef-e45c-41fa-8f36-1f4f8742cb01
1603133760235,15,UC3 order products,202,HTTP/1.1 202,UC3 3-1,true,,416,0,1,5,http://swa-kovacs-vm1.cs.univie.ac.at/apigate/stores/201/orders?call_back=http://swa-gabrielkovacs.cs.univie.ac.at/webhook/data,15,0,0,5897d2d6-77c9-4c80-97f3-0625d0f131de
1603133760287,20,UC5 show stock report,202,HTTP/1.1 202,UC5 1-1,true,,381,0,1,5,http://swa-kovacs-vm1.cs.univie.ac.at/apigate/stores/200/stock-item-reports?call_back=http://swa-gabrielkovacs.cs.univie.ac.at/webhook/data,20,0,0,c3eff998-2770-4442-906e-8ef5da963cec
1603133760286,26,UC6 delivery reports,202,HTTP/1.1 202,UC6 5-1,true,,380,0,1,5,http://swa-kovacs-vm1.cs.univie.ac.at/apigate/enterprises/901/delivery-reports?call_back=http://swa-gabrielkovacs.cs.univie.ac.at/webhook/data,26,0,0,681b5cc5-8cae-4923-9908-5a6b7a0de89a
1603133760449,19,UC4 receive order,202,HTTP/1.1 202,UC4 4-1,true,,435,0,1,5,http://swa-kovacs-vm1.cs.univie.ac.at/apigate/stores/201/orders/113?call_back=http://swa-gabrielkovacs.cs.univie.ac.at/webhook/data,19,0,0,6c5e39a3-7640-4f66-86d4-60c7ae2c76d8
1603133760452,20,UC7 change price,202,HTTP/1.1 202,UC7 2-1,true,,481,0,1,5,http://swa-kovacs-vm1.cs.univie.ac.at/apigate/stores/200/stockitems/300?call_back=http://swa-gabrielkovacs.cs.univie.ac.at/webhook/data,20,0,0,c3725b73-e382-49df-8569-d9beaa99345e
1603133760551,14,UC3 order products,202,HTTP/1.1 202,UC3 3-1,true,,416,0,1,5,http://swa-kovacs-vm1.cs.univie.ac.at/apigate/stores/201/orders?call_back=http://swa-gabrielkovacs.cs.univie.ac.at/webhook/data,14,0,0,bc881490-0739-4c63-a0b1-7b65caacb727
1603133760613,20,UC6 delivery reports,202,HTTP/1.1 202,UC6 5-1,true,,380,0,1,5,http://swa-kovacs-vm1.cs.univie.ac.at/apigate/enterprises/901/delivery-reports?call_back=http://swa-gabrielkovacs.cs.univie.ac.at/webhook/data,19,0,0,71c43c77-6378-469c-897f-3ea5fcba1cdb
1603133760608,26,UC5 show stock report,202,HTTP/1.1 202,UC5 1-1,true,,381,0,1,5,http://swa-kovacs-vm1.cs.univie.ac.at/apigate/stores/200/stock-item-reports?call_back=http://swa-gabrielkovacs.cs.univie.ac.at/webhook/data,23,0,0,c1c6f1c9-64da-44a7-a8d6-3de15e69fd47
1603133760773,16,UC7 change price,202,HTTP/1.1 202,UC7 2-1,true,,481,0,1,5,http://swa-kovacs-vm1.cs.univie.ac.at/apigate/stores/200/stockitems/300?call_back=http://swa-gabrielkovacs.cs.univie.ac.at/webhook/data,16,0,0,0240a098-d6f6-485b-8de8-374b4f54fc04
1603133760770,25,UC4 receive order,202,HTTP/1.1 202,UC4 4-1,true,,430,0,1,5,http://swa-kovacs-vm1.cs.univie.ac.at/apigate/stores/201/orders/113?call_back=http://swa-gabrielkovacs.cs.univie.ac.at/webhook/data,23,0,0,de5eb15e-0550-49f1-a4a9-7737b363248b
1603133760866,15,UC3 order products,202,HTTP/1.1 202,UC3 3-1,true,,416,0,1,5,http://swa-kovacs-vm1.cs.univie.ac.at/apigate/stores/201/orders?call_back=http://swa-gabrielkovacs.cs.univie.ac.at/webhook/data,14,0,0,fa29d9fb-d9da-4df6-8333-34126547571c
1603133760934,22,UC6 delivery reports,202,HTTP/1.1 202,UC6 5-1,true,,380,0,1,5,http://swa-kovacs-vm1.cs.univie.ac.at/apigate/enterprises/901/delivery-reports?call_back=http://swa-gabrielkovacs.cs.univie.ac.at/webhook/data,22,0,0,f2edc925-8c52-45eb-82f0-7075fd45a1c0
1603133760935,27,UC5 show stock report,202,HTTP/1.1 202,UC5 1-1,true,,381,0,1,5,http://swa-kovacs-vm1.cs.univie.ac.at/apigate/stores/200/stock-item-reports?call_back=http://swa-gabrielkovacs.cs.univie.ac.at/webhook/data,26,0,0,11c2fb69-5a20-4b3c-b296-e171b025b30a
1603133761091,23,UC7 change price,202,HTTP/1.1 202,UC7 2-1,true,,481,0,1,5,http://swa-kovacs-vm1.cs.univie.ac.at/apigate/stores/200/stockitems/300?call_back=http://swa-gabrielkovacs.cs.univie.ac.at/webhook/data,22,0,0,15a48b39-1a34-4f69-967a-39fbb7742884
1603133761095,25,UC4 receive order,202,HTTP/1.1 202,UC4 4-1,true,,435,0,1,5,http://swa-kovacs-vm1.cs.univie.ac.at/apigate/stores/201/orders/113?call_back=http://swa-gabrielkovacs.cs.univie.ac.at/webhook/data,25,0,0,a797bfee-cf4e-49e8-b08d-21aa62ed6452
1603133761181,15,UC3 order products,202,HTTP/1.1 202,UC3 3-1,true,,416,0,1,5,http://swa-kovacs-vm1.cs.univie.ac.at/apigate/stores/201/orders?call_back=http://swa-gabrielkovacs.cs.univie.ac.at/webhook/data,15,0,0,491c4586-ac88-4d72-bbcc-6f91a7250b0c
1603133761262,29,UC5 show stock report,202,HTTP/1.1 202,UC5 1-1,true,,381,0,1,5,http://swa-kovacs-vm1.cs.univie.ac.at/apigate/stores/200/stock-item-reports?call_back=http://swa-gabrielkovacs.cs.univie.ac.at/webhook/data,24,0,0,2edb1aa4-8002-4310-b5da-d35e190cdb0b
1603133761257,34,UC6 delivery reports,202,HTTP/1.1 202,UC6 5-1,true,,380,0,1,5,http://swa-kovacs-vm1.cs.univie.ac.at/apigate/enterprises/901/delivery-reports?call_back=http://swa-gabrielkovacs.cs.univie.ac.at/webhook/data,29,0,0,d400fceb-4bff-44eb-9ca1-0d14777959e2
1603133761420,17,UC4 receive order,202,HTTP/1.1 202,UC4 4-1,true,,435,0,1,5,http://swa-kovacs-vm1.cs.univie.ac.at/apigate/stores/201/orders/113?call_back=http://swa-gabrielkovacs.cs.univie.ac.at/webhook/data,17,0,0,160e3da8-b7bc-41b0-bcf8-1bf20ca80e56
1603133761415,26,UC7 change price,202,HTTP/1.1 202,UC7 2-1,true,,481,0,1,5,http://swa-kovacs-vm1.cs.univie.ac.at/apigate/stores/200/stockitems/300?call_back=http://swa-gabrielkovacs.cs.univie.ac.at/webhook/data,25,0,0,8f13a053-e618-43d9-9045-b30a89c9fef8
1603133761497,22,UC3 order products,202,HTTP/1.1 202,UC3 3-1,true,,416,0,1,5,http://swa-kovacs-vm1.cs.univie.ac.at/apigate/stores/201/orders?call_back=http://swa-gabrielkovacs.cs.univie.ac.at/webhook/data,22,0,0,5ca391da-2698-40ec-9a49-388654ab9bc2
1603133761591,17,UC5 show stock report,202,HTTP/1.1 202,UC5 1-1,true,,381,0,1,5,http://swa-kovacs-vm1.cs.univie.ac.at/apigate/stores/200/stock-item-reports?call_back=http://swa-gabrielkovacs.cs.univie.ac.at/webhook/data,17,0,0,9521ef09-dd46-4db8-bf83-ec72a4440cae
1603133761592,23,UC6 delivery reports,202,HTTP/1.1 202,UC6 5-1,true,,380,0,1,5,http://swa-kovacs-vm1.cs.univie.ac.at/apigate/enterprises/901/delivery-reports?call_back=http://swa-gabrielkovacs.cs.univie.ac.at/webhook/data,23,0,0,a478ee2d-1d7c-4563-aa03-b8b38f968f7f
1603133761741,17,UC7 change price,202,HTTP/1.1 202,UC7 2-1,true,,481,0,1,5,http://swa-kovacs-vm1.cs.univie.ac.at/apigate/stores/200/stockitems/300?call_back=http://swa-gabrielkovacs.cs.univie.ac.at/webhook/data,16,0,0,f17a1b62-57f6-4cbb-aeb2-fa0388044d90
1603133761738,22,UC4 receive order,202,HTTP/1.1 202,UC4 4-1,true,,435,0,1,5,http://swa-kovacs-vm1.cs.univie.ac.at/apigate/stores/201/orders/113?call_back=http://swa-gabrielkovacs.cs.univie.ac.at/webhook/data,22,0,0,d27ede15-f7f3-43b1-9c2e-da059a3519a4
1603133761819,17,UC3 order products,202,HTTP/1.1 202,UC3 3-1,true,,416,0,1,5,http://swa-kovacs-vm1.cs.univie.ac.at/apigate/stores/201/orders?call_back=http://swa-gabrielkovacs.cs.univie.ac.at/webhook/data,17,0,0,cca5e9c7-2cf0-4e70-b4d7-e5f68c83c2a2
1603133761916,19,UC6 delivery reports,202,HTTP/1.1 202,UC6 5-1,true,,380,0,1,5,http://swa-kovacs-vm1.cs.univie.ac.at/apigate/enterprises/901/delivery-reports?call_back=http://swa-gabrielkovacs.cs.univie.ac.at/webhook/data,19,0,0,89cbac9a-30f5-427b-bc67-ea0c89db6d79
1603133761909,27,UC5 show stock report,202,HTTP/1.1 202,UC5 1-1,true,,381,0,1,5,http://swa-kovacs-vm1.cs.univie.ac.at/apigate/stores/200/stock-item-reports?call_back=http://swa-gabrielkovacs.cs.univie.ac.at/webhook/data,24,0,0,343f0964-bf7a-4d71-9684-45516db9cc77
1603133762060,21,UC4 receive order,202,HTTP/1.1 202,UC4 4-1,true,,435,0,1,5,http://swa-kovacs-vm1.cs.univie.ac.at/apigate/stores/201/orders/113?call_back=http://swa-gabrielkovacs.cs.univie.ac.at/webhook/data,21,0,0,fe71fdfc-516a-4c00-ae7e-98d2f2092555
1603133762059,23,UC7 change price,202,HTTP/1.1 202,UC7 2-1,true,,481,0,1,5,http://swa-kovacs-vm1.cs.univie.ac.at/apigate/stores/200/stockitems/300?call_back=http://swa-gabrielkovacs.cs.univie.ac.at/webhook/data,19,0,0,002a8240-43ad-4707-8c6d-9862abb71af7
1603133762137,13,UC3 order products,202,HTTP/1.1 202,UC3 3-1,true,,416,0,1,5,http://swa-kovacs-vm1.cs.univie.ac.at/apigate/stores/201/orders?call_back=http://swa-gabrielkovacs.cs.univie.ac.at/webhook/data,13,0,0,0bf94f36-3d99-4067-9633-3bad892b1b99
1603133762237,21,UC5 show stock report,202,HTTP/1.1 202,UC5 1-1,true,,381,0,1,5,http://swa-kovacs-vm1.cs.univie.ac.at/apigate/stores/200/stock-item-reports?call_back=http://swa-gabrielkovacs.cs.univie.ac.at/webhook/data,21,0,0,4c0eaa51-1e2b-4b3f-8e3f-b453ab8c9798
1603133762236,23,UC6 delivery reports,202,HTTP/1.1 202,UC6 5-1,true,,380,0,1,5,http://swa-kovacs-vm1.cs.univie.ac.at/apigate/enterprises/901/delivery-reports?call_back=http://swa-gabrielkovacs.cs.univie.ac.at/webhook/data,23,0,0,d203e020-b8ff-4f39-9f88-43e04441ab50
1603133762382,18,UC4 receive order,202,HTTP/1.1 202,UC4 4-1,true,,435,0,1,5,http://swa-kovacs-vm1.cs.univie.ac.at/apigate/stores/201/orders/113?call_back=http://swa-gabrielkovacs.cs.univie.ac.at/webhook/data,17,0,0,20ebb91f-bd75-4c5f-a556-748843e27ac6
1603133762383,20,UC7 change price,202,HTTP/1.1 202,UC7 2-1,true,,481,0,1,5,http://swa-kovacs-vm1.cs.univie.ac.at/apigate/stores/200/stockitems/300?call_back=http://swa-gabrielkovacs.cs.univie.ac.at/webhook/data,19,0,0,c24bd782-e1c4-4637-968d-4d575c51971c
1603133762450,15,UC3 order products,202,HTTP/1.1 202,UC3 3-1,true,,416,0,1,5,http://swa-kovacs-vm1.cs.univie.ac.at/apigate/stores/201/orders?call_back=http://swa-gabrielkovacs.cs.univie.ac.at/webhook/data,14,0,0,f9a659a3-c2c0-44a1-b052-a5eae91c53b8
1603133762559,26,UC5 show stock report,202,HTTP/1.1 202,UC5 1-1,true,,381,0,1,5,http://swa-kovacs-vm1.cs.univie.ac.at/apigate/stores/200/stock-item-reports?call_back=http://swa-gabrielkovacs.cs.univie.ac.at/webhook/data,25,0,0,5cadfa49-3180-4c36-a44c-4f7cb14e205b
1603133762560,27,UC6 delivery reports,202,HTTP/1.1 202,UC6 5-1,true,,380,0,1,5,http://swa-kovacs-vm1.cs.univie.ac.at/apigate/enterprises/901/delivery-reports?call_back=http://swa-gabrielkovacs.cs.univie.ac.at/webhook/data,26,0,0,7cd9f83b-bffa-4833-8956-ed3f9e2584ff
1603133762700,18,UC4 receive order,202,HTTP/1.1 202,UC4 4-1,true,,435,0,1,5,http://swa-kovacs-vm1.cs.univie.ac.at/apigate/stores/201/orders/113?call_back=http://swa-gabrielkovacs.cs.univie.ac.at/webhook/data,17,0,0,8170a5ce-f930-4dde-8117-b7287db4d90d
1603133762703,17,UC7 change price,202,HTTP/1.1 202,UC7 2-1,true,,481,0,1,5,http://swa-kovacs-vm1.cs.univie.ac.at/apigate/stores/200/stockitems/300?call_back=http://swa-gabrielkovacs.cs.univie.ac.at/webhook/data,17,0,0,076cf2ce-be05-48f3-8c4f-0fdf6e9fe7d6
1603133762766,14,UC3 order products,202,HTTP/1.1 202,UC3 3-1,true,,416,0,1,5,http://swa-kovacs-vm1.cs.univie.ac.at/apigate/stores/201/orders?call_back=http://swa-gabrielkovacs.cs.univie.ac.at/webhook/data,14,0,0,1482afa1-1930-4643-9e22-d3a6dc1f4e4c
1603133762890,18,UC6 delivery reports,202,HTTP/1.1 202,UC6 5-1,true,,380,0,1,5,http://swa-kovacs-vm1.cs.univie.ac.at/apigate/enterprises/901/delivery-reports?call_back=http://swa-gabrielkovacs.cs.univie.ac.at/webhook/data,18,0,0,820ce15f-2e29-45ee-a937-e7e8e8398804
1603133762886,23,UC5 show stock report,202,HTTP/1.1 202,UC5 1-1,true,,381,0,1,5,http://swa-kovacs-vm1.cs.univie.ac.at/apigate/stores/200/stock-item-reports?call_back=http://swa-gabrielkovacs.cs.univie.ac.at/webhook/data,23,0,0,302d3b05-4c33-4a16-84d6-06560e79f4e7
1603133763019,25,UC4 receive order,202,HTTP/1.1 202,UC4 4-1,true,,435,0,1,5,http://swa-kovacs-vm1.cs.univie.ac.at/apigate/stores/201/orders/113?call_back=http://swa-gabrielkovacs.cs.univie.ac.at/webhook/data,25,0,0,b4d37571-06a9-4ec3-9397-1f46cf1729bb
1603133763021,24,UC7 change price,202,HTTP/1.1 202,UC7 2-1,true,,481,0,1,5,http://swa-kovacs-vm1.cs.univie.ac.at/apigate/stores/200/stockitems/300?call_back=http://swa-gabrielkovacs.cs.univie.ac.at/webhook/data,22,0,0,30e6d67f-90d3-42e7-8822-4138a6696647
1603133763081,15,UC3 order products,202,HTTP/1.1 202,UC3 3-1,true,,416,0,1,5,http://swa-kovacs-vm1.cs.univie.ac.at/apigate/stores/201/orders?call_back=http://swa-gabrielkovacs.cs.univie.ac.at/webhook/data,14,0,0,78fc2c3d-80f7-4492-ac17-34b3d6f937ae
1603133763209,22,UC6 delivery reports,202,HTTP/1.1 202,UC6 5-1,true,,380,0,1,5,http://swa-kovacs-vm1.cs.univie.ac.at/apigate/enterprises/901/delivery-reports?call_back=http://swa-gabrielkovacs.cs.univie.ac.at/webhook/data,20,0,0,978c62c4-62e7-462e-9269-01e1d4a7882b
1603133763210,22,UC5 show stock report,202,HTTP/1.1 202,UC5 1-1,true,,381,0,1,5,http://swa-kovacs-vm1.cs.univie.ac.at/apigate/stores/200/stock-item-reports?call_back=http://swa-gabrielkovacs.cs.univie.ac.at/webhook/data,22,0,0,686c9467-6ec4-4e32-b803-087c4df59cb2
1603133763346,17,UC7 change price,202,HTTP/1.1 202,UC7 2-1,true,,481,0,1,5,http://swa-kovacs-vm1.cs.univie.ac.at/apigate/stores/200/stockitems/300?call_back=http://swa-gabrielkovacs.cs.univie.ac.at/webhook/data,17,0,0,3db78328-ab69-492d-823c-d215058a9666
1603133763345,23,UC4 receive order,202,HTTP/1.1 202,UC4 4-1,true,,435,0,1,5,http://swa-kovacs-vm1.cs.univie.ac.at/apigate/stores/201/orders/113?call_back=http://swa-gabrielkovacs.cs.univie.ac.at/webhook/data,22,0,0,bc5ef4f3-4da9-4e03-a470-5a000028f313
1603133763396,17,UC3 order products,202,HTTP/1.1 202,UC3 3-1,true,,416,0,1,5,http://swa-kovacs-vm1.cs.univie.ac.at/apigate/stores/201/orders?call_back=http://swa-gabrielkovacs.cs.univie.ac.at/webhook/data,16,0,0,dd92d1d6-b872-47f5-9f0a-7f04ca1738d9
1603133763532,19,UC6 delivery reports,202,HTTP/1.1 202,UC6 5-1,true,,380,0,1,5,http://swa-kovacs-vm1.cs.univie.ac.at/apigate/enterprises/901/delivery-reports?call_back=http://swa-gabrielkovacs.cs.univie.ac.at/webhook/data,18,0,0,849f17b7-cacd-4b5f-9dde-f4e51c2186eb
1603133763533,23,UC5 show stock report,202,HTTP/1.1 202,UC5 1-1,true,,381,0,1,5,http://swa-kovacs-vm1.cs.univie.ac.at/apigate/stores/200/stock-item-reports?call_back=http://swa-gabrielkovacs.cs.univie.ac.at/webhook/data,21,0,0,795adb43-7a02-4d59-84a5-6bef3a24f642
1603133763664,16,UC7 change price,202,HTTP/1.1 202,UC7 2-1,true,,481,0,1,5,http://swa-kovacs-vm1.cs.univie.ac.at/apigate/stores/200/stockitems/300?call_back=http://swa-gabrielkovacs.cs.univie.ac.at/webhook/data,16,0,0,fce96270-c6b8-4899-ad92-9c5b730713e2
1603133763668,18,UC4 receive order,202,HTTP/1.1 202,UC4 4-1,true,,435,0,1,5,http://swa-kovacs-vm1.cs.univie.ac.at/apigate/stores/201/orders/113?call_back=http://swa-gabrielkovacs.cs.univie.ac.at/webhook/data,18,0,0,5305d953-afc6-497b-9317-e2c37801d75f
1603133763714,15,UC3 order products,202,HTTP/1.1 202,UC3 3-1,true,,416,0,1,5,http://swa-kovacs-vm1.cs.univie.ac.at/apigate/stores/201/orders?call_back=http://swa-gabrielkovacs.cs.univie.ac.at/webhook/data,14,0,0,7a3ad616-56a8-4847-bfe8-80c08565e3d2
1603133763852,17,UC6 delivery reports,202,HTTP/1.1 202,UC6 5-1,true,,380,0,1,5,http://swa-kovacs-vm1.cs.univie.ac.at/apigate/enterprises/901/delivery-reports?call_back=http://swa-gabrielkovacs.cs.univie.ac.at/webhook/data,17,0,0,1189bbe8-c07d-429c-97ed-098e686ea847
1603133763856,18,UC5 show stock report,202,HTTP/1.1 202,UC5 1-1,true,,381,0,1,5,http://swa-kovacs-vm1.cs.univie.ac.at/apigate/stores/200/stock-item-reports?call_back=http://swa-gabrielkovacs.cs.univie.ac.at/webhook/data,18,0,0,18123c94-af49-403d-b5ec-8e8635fdeb33
1603133763981,18,UC7 change price,202,HTTP/1.1 202,UC7 2-1,true,,481,0,1,5,http://swa-kovacs-vm1.cs.univie.ac.at/apigate/stores/200/stockitems/300?call_back=http://swa-gabrielkovacs.cs.univie.ac.at/webhook/data,17,0,0,0faf4e1f-eea8-4a59-8adb-d114c95171ec
1603133763988,16,UC4 receive order,202,HTTP/1.1 202,UC4 4-1,true,,435,0,1,5,http://swa-kovacs-vm1.cs.univie.ac.at/apigate/stores/201/orders/113?call_back=http://swa-gabrielkovacs.cs.univie.ac.at/webhook/data,16,0,0,596a07c8-8140-41e6-8f80-0b670825071a
1603133764029,14,UC3 order products,202,HTTP/1.1 202,UC3 3-1,true,,416,0,1,5,http://swa-kovacs-vm1.cs.univie.ac.at/apigate/stores/201/orders?call_back=http://swa-gabrielkovacs.cs.univie.ac.at/webhook/data,13,0,0,83e8b3f9-da75-4cb5-835a-67087490cde2
1603133764170,22,UC6 delivery reports,202,HTTP/1.1 202,UC6 5-1,true,,380,0,1,5,http://swa-kovacs-vm1.cs.univie.ac.at/apigate/enterprises/901/delivery-reports?call_back=http://swa-gabrielkovacs.cs.univie.ac.at/webhook/data,21,0,0,3265715f-2187-4af3-af75-be66dd2dc00d
1603133764175,18,UC5 show stock report,202,HTTP/1.1 202,UC5 1-1,true,,381,0,1,5,http://swa-kovacs-vm1.cs.univie.ac.at/apigate/stores/200/stock-item-reports?call_back=http://swa-gabrielkovacs.cs.univie.ac.at/webhook/data,16,0,0,ea6ccaf1-6799-4dba-aa2b-9fbd1eef04d2
1603133764305,15,UC4 receive order,202,HTTP/1.1 202,UC4 4-1,true,,435,0,1,5,http://swa-kovacs-vm1.cs.univie.ac.at/apigate/stores/201/orders/113?call_back=http://swa-gabrielkovacs.cs.univie.ac.at/webhook/data,14,0,0,a260054d-872a-446a-bbd6-a79a2cdf1472
1603133764300,21,UC7 change price,202,HTTP/1.1 202,UC7 2-1,true,,481,0,1,5,http://swa-kovacs-vm1.cs.univie.ac.at/apigate/stores/200/stockitems/300?call_back=http://swa-gabrielkovacs.cs.univie.ac.at/webhook/data,20,0,0,346914dc-d565-4a4c-b7fc-9ad375cc2f21
1603133764352,23,UC3 order products,202,HTTP/1.1 202,UC3 3-1,true,,416,0,1,5,http://swa-kovacs-vm1.cs.univie.ac.at/apigate/stores/201/orders?call_back=http://swa-gabrielkovacs.cs.univie.ac.at/webhook/data,22,0,0,50250d1d-d21a-4562-8b9d-9b1b9dcf0c9e
1603133764493,18,UC5 show stock report,202,HTTP/1.1 202,UC5 1-1,true,,381,0,1,5,http://swa-kovacs-vm1.cs.univie.ac.at/apigate/stores/200/stock-item-reports?call_back=http://swa-gabrielkovacs.cs.univie.ac.at/webhook/data,17,0,0,4cb6c3e2-ff2d-4857-9107-f06c8a5a77b2
1603133764493,22,UC6 delivery reports,202,HTTP/1.1 202,UC6 5-1,true,,380,0,1,5,http://swa-kovacs-vm1.cs.univie.ac.at/apigate/enterprises/901/delivery-reports?call_back=http://swa-gabrielkovacs.cs.univie.ac.at/webhook/data,21,0,0,da3c65fa-9f98-496b-9c8e-f134983fbf47
1603133764621,21,UC7 change price,202,HTTP/1.1 202,UC7 2-1,true,,481,0,1,5,http://swa-kovacs-vm1.cs.univie.ac.at/apigate/stores/200/stockitems/300?call_back=http://swa-gabrielkovacs.cs.univie.ac.at/webhook/data,20,0,0,2a65eaf0-bbbe-4a3f-99d5-67345571eddb
1603133764621,23,UC4 receive order,202,HTTP/1.1 202,UC4 4-1,true,,435,0,1,5,http://swa-kovacs-vm1.cs.univie.ac.at/apigate/stores/201/orders/113?call_back=http://swa-gabrielkovacs.cs.univie.ac.at/webhook/data,22,0,0,1775f845-2b01-4107-ad88-7a3ddbf749e3
1603133764675,30,UC3 order products,202,HTTP/1.1 202,UC3 3-1,true,,416,0,1,5,http://swa-kovacs-vm1.cs.univie.ac.at/apigate/stores/201/orders?call_back=http://swa-gabrielkovacs.cs.univie.ac.at/webhook/data,30,0,0,c60ac4a4-27b0-466a-8b1e-84bb40171b02
1603133764816,13,UC6 delivery reports,202,HTTP/1.1 202,UC6 5-1,true,,380,0,1,5,http://swa-kovacs-vm1.cs.univie.ac.at/apigate/enterprises/901/delivery-reports?call_back=http://swa-gabrielkovacs.cs.univie.ac.at/webhook/data,13,0,0,59cd7fd1-59b3-4e34-b880-8b76a3c0b1d4
1603133764811,22,UC5 show stock report,202,HTTP/1.1 202,UC5 1-1,true,,381,0,1,5,http://swa-kovacs-vm1.cs.univie.ac.at/apigate/stores/200/stock-item-reports?call_back=http://swa-gabrielkovacs.cs.univie.ac.at/webhook/data,22,0,0,72a1b3d5-3281-4015-8993-c7b7612f200d
1603133764943,18,UC7 change price,202,HTTP/1.1 202,UC7 2-1,true,,481,0,1,5,http://swa-kovacs-vm1.cs.univie.ac.at/apigate/stores/200/stockitems/300?call_back=http://swa-gabrielkovacs.cs.univie.ac.at/webhook/data,18,0,0,fdbf9c9e-f4da-4f24-a60a-1c960d4994f2
1603133764944,23,UC4 receive order,202,HTTP/1.1 202,UC4 4-1,true,,435,0,1,5,http://swa-kovacs-vm1.cs.univie.ac.at/apigate/stores/201/orders/113?call_back=http://swa-gabrielkovacs.cs.univie.ac.at/webhook/data,22,0,0,38c6e5e3-c4ec-4f6b-a1e7-9f332d5cbe7c
1603133765006,15,UC3 order products,202,HTTP/1.1 202,UC3 3-1,true,,416,0,1,5,http://swa-kovacs-vm1.cs.univie.ac.at/apigate/stores/201/orders?call_back=http://swa-gabrielkovacs.cs.univie.ac.at/webhook/data,15,0,0,e758e60e-6f1a-4eed-bdc2-024c4c3f4ba2
1603133765134,16,UC5 show stock report,202,HTTP/1.1 202,UC5 1-1,true,,381,0,1,5,http://swa-kovacs-vm1.cs.univie.ac.at/apigate/stores/200/stock-item-reports?call_back=http://swa-gabrielkovacs.cs.univie.ac.at/webhook/data,15,0,0,207334d1-2320-4117-8c17-33e55b8c59a7
1603133765130,20,UC6 delivery reports,202,HTTP/1.1 202,UC6 5-1,true,,380,0,1,5,http://swa-kovacs-vm1.cs.univie.ac.at/apigate/enterprises/901/delivery-reports?call_back=http://swa-gabrielkovacs.cs.univie.ac.at/webhook/data,20,0,0,1f2e1aa7-ed9b-4f81-a86c-4956636d51ff
1603133765262,17,UC7 change price,202,HTTP/1.1 202,UC7 2-1,true,,481,0,1,5,http://swa-kovacs-vm1.cs.univie.ac.at/apigate/stores/200/stockitems/300?call_back=http://swa-gabrielkovacs.cs.univie.ac.at/webhook/data,17,0,0,9fa64057-c09e-48fb-9903-b122fc4613ad
1603133765267,19,UC4 receive order,202,HTTP/1.1 202,UC4 4-1,true,,435,0,1,5,http://swa-kovacs-vm1.cs.univie.ac.at/apigate/stores/201/orders/113?call_back=http://swa-gabrielkovacs.cs.univie.ac.at/webhook/data,18,0,0,4487cd29-2d31-4b24-9a37-1c4f0eb662b0
1603133765322,15,UC3 order products,202,HTTP/1.1 202,UC3 3-1,true,,416,0,1,5,http://swa-kovacs-vm1.cs.univie.ac.at/apigate/stores/201/orders?call_back=http://swa-gabrielkovacs.cs.univie.ac.at/webhook/data,15,0,0,354bf41c-04a9-41d4-81f6-c1e6d936c4b8
1603133765450,19,UC5 show stock report,202,HTTP/1.1 202,UC5 1-1,true,,381,0,1,5,http://swa-kovacs-vm1.cs.univie.ac.at/apigate/stores/200/stock-item-reports?call_back=http://swa-gabrielkovacs.cs.univie.ac.at/webhook/data,18,0,0,d607793d-d0c8-40c3-8220-62fd65a695c6
1603133765451,24,UC6 delivery reports,202,HTTP/1.1 202,UC6 5-1,true,,380,0,1,5,http://swa-kovacs-vm1.cs.univie.ac.at/apigate/enterprises/901/delivery-reports?call_back=http://swa-gabrielkovacs.cs.univie.ac.at/webhook/data,23,0,0,184bf58d-d8fd-4cea-83a1-7ee41219684d
1603133765580,16,UC7 change price,202,HTTP/1.1 202,UC7 2-1,true,,481,0,1,5,http://swa-kovacs-vm1.cs.univie.ac.at/apigate/stores/200/stockitems/300?call_back=http://swa-gabrielkovacs.cs.univie.ac.at/webhook/data,16,0,0,3e6ab4cc-5a78-43a9-971c-4a8d2da6b500
1603133765586,18,UC4 receive order,202,HTTP/1.1 202,UC4 4-1,true,,435,0,1,5,http://swa-kovacs-vm1.cs.univie.ac.at/apigate/stores/201/orders/113?call_back=http://swa-gabrielkovacs.cs.univie.ac.at/webhook/data,18,0,0,b06c1292-b926-4274-8685-dfee80d46fb5
1603133765638,12,UC3 order products,202,HTTP/1.1 202,UC3 3-1,true,,416,0,1,5,http://swa-kovacs-vm1.cs.univie.ac.at/apigate/stores/201/orders?call_back=http://swa-gabrielkovacs.cs.univie.ac.at/webhook/data,12,0,0,15b59693-ed45-4e63-b9fb-61fd9e4e9c82
1603133765770,16,UC5 show stock report,202,HTTP/1.1 202,UC5 1-1,true,,381,0,1,5,http://swa-kovacs-vm1.cs.univie.ac.at/apigate/stores/200/stock-item-reports?call_back=http://swa-gabrielkovacs.cs.univie.ac.at/webhook/data,15,0,0,85db2ca4-56cf-467e-b0fd-2d0a5456b077
1603133765775,46,UC6 delivery reports,202,HTTP/1.1 202,UC6 5-1,true,,380,0,1,5,http://swa-kovacs-vm1.cs.univie.ac.at/apigate/enterprises/901/delivery-reports?call_back=http://swa-gabrielkovacs.cs.univie.ac.at/webhook/data,46,0,0,671326b9-42fc-4cc6-accc-13eb073fb77e
1603133765897,24,UC7 change price,202,HTTP/1.1 202,UC7 2-1,true,,481,0,1,5,http://swa-kovacs-vm1.cs.univie.ac.at/apigate/stores/200/stockitems/300?call_back=http://swa-gabrielkovacs.cs.univie.ac.at/webhook/data,24,0,0,6c6e2647-3f6d-4415-b482-50cf9ffbb43e
1603133765905,28,UC4 receive order,202,HTTP/1.1 202,UC4 4-1,true,,435,0,1,5,http://swa-kovacs-vm1.cs.univie.ac.at/apigate/stores/201/orders/113?call_back=http://swa-gabrielkovacs.cs.univie.ac.at/webhook/data,28,0,0,805f5f4d-cd6c-4525-8bec-1900f2902997
1603133765951,12,UC3 order products,202,HTTP/1.1 202,UC3 3-1,true,,416,0,1,5,http://swa-kovacs-vm1.cs.univie.ac.at/apigate/stores/201/orders?call_back=http://swa-gabrielkovacs.cs.univie.ac.at/webhook/data,12,0,0,a724ed6e-f9ce-49c2-8d91-f1c2e5465bb8
1603133766087,14,UC5 show stock report,202,HTTP/1.1 202,UC5 1-1,true,,381,0,1,5,http://swa-kovacs-vm1.cs.univie.ac.at/apigate/stores/200/stock-item-reports?call_back=http://swa-gabrielkovacs.cs.univie.ac.at/webhook/data,13,0,0,6d0a8e12-0b79-4f98-ad10-0a73acd32114
1603133766121,13,UC6 delivery reports,202,HTTP/1.1 202,UC6 5-1,true,,380,0,1,5,http://swa-kovacs-vm1.cs.univie.ac.at/apigate/enterprises/901/delivery-reports?call_back=http://swa-gabrielkovacs.cs.univie.ac.at/webhook/data,12,0,0,f28505ad-0aaf-42d3-9458-23d2a8109c6f
1603133766222,14,UC7 change price,202,HTTP/1.1 202,UC7 2-1,true,,481,0,1,5,http://swa-kovacs-vm1.cs.univie.ac.at/apigate/stores/200/stockitems/300?call_back=http://swa-gabrielkovacs.cs.univie.ac.at/webhook/data,14,0,0,c7c18208-f9e4-4ddf-87e0-466e074eb091
1603133766234,13,UC4 receive order,202,HTTP/1.1 202,UC4 4-1,true,,435,0,1,5,http://swa-kovacs-vm1.cs.univie.ac.at/apigate/stores/201/orders/113?call_back=http://swa-gabrielkovacs.cs.univie.ac.at/webhook/data,13,0,0,9179bb6b-4e4c-45d8-99a6-d68185988b13
1603133766264,13,UC3 order products,202,HTTP/1.1 202,UC3 3-1,true,,416,0,1,5,http://swa-kovacs-vm1.cs.univie.ac.at/apigate/stores/201/orders?call_back=http://swa-gabrielkovacs.cs.univie.ac.at/webhook/data,12,0,0,c8bd7add-704e-4bc4-ae4d-aec32a55849e
1603133766401,13,UC5 show stock report,202,HTTP/1.1 202,UC5 1-1,true,,381,0,1,5,http://swa-kovacs-vm1.cs.univie.ac.at/apigate/stores/200/stock-item-reports?call_back=http://swa-gabrielkovacs.cs.univie.ac.at/webhook/data,13,0,0,74c7af05-824e-45a5-b34f-ad6ee0433f10
1603133766434,13,UC6 delivery reports,202,HTTP/1.1 202,UC6 5-1,true,,380,0,1,5,http://swa-kovacs-vm1.cs.univie.ac.at/apigate/enterprises/901/delivery-reports?call_back=http://swa-gabrielkovacs.cs.univie.ac.at/webhook/data,12,0,0,4860517b-5a5d-422c-b0de-d89eb5d415b3
1603133766537,20,UC7 change price,202,HTTP/1.1 202,UC7 2-1,true,,481,0,1,5,http://swa-kovacs-vm1.cs.univie.ac.at/apigate/stores/200/stockitems/300?call_back=http://swa-gabrielkovacs.cs.univie.ac.at/webhook/data,19,0,0,6fbb8aa6-dee8-41b9-bcc5-848e5740e6fe
1603133766547,16,UC4 receive order,202,HTTP/1.1 202,UC4 4-1,true,,435,0,1,5,http://swa-kovacs-vm1.cs.univie.ac.at/apigate/stores/201/orders/113?call_back=http://swa-gabrielkovacs.cs.univie.ac.at/webhook/data,16,0,0,94eda2d1-e75b-4a3d-a3df-5a9cbdccd9ae
1603133766578,12,UC3 order products,202,HTTP/1.1 202,UC3 3-1,true,,416,0,1,5,http://swa-kovacs-vm1.cs.univie.ac.at/apigate/stores/201/orders?call_back=http://swa-gabrielkovacs.cs.univie.ac.at/webhook/data,12,0,0,a4983abc-bb49-4304-9912-54e07a52241f
1603133766715,14,UC5 show stock report,202,HTTP/1.1 202,UC5 1-1,true,,381,0,1,5,http://swa-kovacs-vm1.cs.univie.ac.at/apigate/stores/200/stock-item-reports?call_back=http://swa-gabrielkovacs.cs.univie.ac.at/webhook/data,13,0,0,00092d70-f833-4bfd-9e88-516d2ac15457
1603133766747,14,UC6 delivery reports,202,HTTP/1.1 202,UC6 5-1,true,,380,0,1,5,http://swa-kovacs-vm1.cs.univie.ac.at/apigate/enterprises/901/delivery-reports?call_back=http://swa-gabrielkovacs.cs.univie.ac.at/webhook/data,14,0,0,7e5ddf23-48e8-48f7-87f1-a13a70cde09b
1603133766857,22,UC7 change price,202,HTTP/1.1 202,UC7 2-1,true,,481,0,1,5,http://swa-kovacs-vm1.cs.univie.ac.at/apigate/stores/200/stockitems/300?call_back=http://swa-gabrielkovacs.cs.univie.ac.at/webhook/data,21,0,0,1cfc7ebd-d01e-452f-8a93-897c3dda0e53
1603133766864,18,UC4 receive order,202,HTTP/1.1 202,UC4 4-1,true,,435,0,1,5,http://swa-kovacs-vm1.cs.univie.ac.at/apigate/stores/201/orders/113?call_back=http://swa-gabrielkovacs.cs.univie.ac.at/webhook/data,17,0,0,c566ef67-aa94-4554-8d14-9bf31969b36c
1603133766891,13,UC3 order products,202,HTTP/1.1 202,UC3 3-1,true,,416,0,1,5,http://swa-kovacs-vm1.cs.univie.ac.at/apigate/stores/201/orders?call_back=http://swa-gabrielkovacs.cs.univie.ac.at/webhook/data,13,0,0,71086576-b460-4fe3-b5b8-97a12970fbe9
1603133767029,16,UC5 show stock report,202,HTTP/1.1 202,UC5 1-1,true,,381,0,1,5,http://swa-kovacs-vm1.cs.univie.ac.at/apigate/stores/200/stock-item-reports?call_back=http://swa-gabrielkovacs.cs.univie.ac.at/webhook/data,15,0,0,efdbb15b-e797-476b-b6a8-5aafcdbb7dcc
1603133767062,13,UC6 delivery reports,202,HTTP/1.1 202,UC6 5-1,true,,380,0,1,5,http://swa-kovacs-vm1.cs.univie.ac.at/apigate/enterprises/901/delivery-reports?call_back=http://swa-gabrielkovacs.cs.univie.ac.at/webhook/data,12,0,0,8510c186-6d65-48a4-81bd-8d53aeead2bb
1603133767182,17,UC4 receive order,202,HTTP/1.1 202,UC4 4-1,true,,435,0,1,5,http://swa-kovacs-vm1.cs.univie.ac.at/apigate/stores/201/orders/113?call_back=http://swa-gabrielkovacs.cs.univie.ac.at/webhook/data,16,0,0,b10453da-e17c-4f88-a4c0-4c561c6fb039
1603133767179,23,UC7 change price,202,HTTP/1.1 202,UC7 2-1,true,,481,0,1,5,http://swa-kovacs-vm1.cs.univie.ac.at/apigate/stores/200/stockitems/300?call_back=http://swa-gabrielkovacs.cs.univie.ac.at/webhook/data,22,0,0,fdc331e1-24c9-4a33-8881-1ec62af3f083
1603133767205,14,UC3 order products,202,HTTP/1.1 202,UC3 3-1,true,,416,0,1,5,http://swa-kovacs-vm1.cs.univie.ac.at/apigate/stores/201/orders?call_back=http://swa-gabrielkovacs.cs.univie.ac.at/webhook/data,14,0,0,286c9b7f-07be-4c3d-b50b-513b3d6d123d
1603133767346,15,UC5 show stock report,202,HTTP/1.1 202,UC5 1-1,true,,381,0,1,5,http://swa-kovacs-vm1.cs.univie.ac.at/apigate/stores/200/stock-item-reports?call_back=http://swa-gabrielkovacs.cs.univie.ac.at/webhook/data,14,0,0,2b3a8b94-c62a-4631-869b-ae8d03a7e635
1603133767375,13,UC6 delivery reports,202,HTTP/1.1 202,UC6 5-1,true,,380,0,1,5,http://swa-kovacs-vm1.cs.univie.ac.at/apigate/enterprises/901/delivery-reports?call_back=http://swa-gabrielkovacs.cs.univie.ac.at/webhook/data,12,0,0,1798868a-686d-466e-be1d-57f446e08614
1603133767500,19,UC4 receive order,202,HTTP/1.1 202,UC4 4-1,true,,435,0,1,5,http://swa-kovacs-vm1.cs.univie.ac.at/apigate/stores/201/orders/113?call_back=http://swa-gabrielkovacs.cs.univie.ac.at/webhook/data,18,0,0,335cdbae-8451-4975-91cf-496de6676421
1603133767502,20,UC7 change price,202,HTTP/1.1 202,UC7 2-1,true,,481,0,1,5,http://swa-kovacs-vm1.cs.univie.ac.at/apigate/stores/200/stockitems/300?call_back=http://swa-gabrielkovacs.cs.univie.ac.at/webhook/data,20,0,0,abecdeb0-f08e-44e8-9314-b34854c7549d
1603133767520,18,UC3 order products,202,HTTP/1.1 202,UC3 3-1,true,,411,0,1,5,http://swa-kovacs-vm1.cs.univie.ac.at/apigate/stores/201/orders?call_back=http://swa-gabrielkovacs.cs.univie.ac.at/webhook/data,16,0,0,1bfc0e10-23eb-4985-ac5f-3286441950fe
1603133767662,15,UC5 show stock report,202,HTTP/1.1 202,UC5 1-1,true,,381,0,1,5,http://swa-kovacs-vm1.cs.univie.ac.at/apigate/stores/200/stock-item-reports?call_back=http://swa-gabrielkovacs.cs.univie.ac.at/webhook/data,15,0,0,c795fa4c-0c44-4a4a-b33e-6e74db722a55
1603133767689,13,UC6 delivery reports,202,HTTP/1.1 202,UC6 5-1,true,,380,0,1,5,http://swa-kovacs-vm1.cs.univie.ac.at/apigate/enterprises/901/delivery-reports?call_back=http://swa-gabrielkovacs.cs.univie.ac.at/webhook/data,12,0,0,a5117937-97c6-4e69-a55a-cccb3e5403d4
1603133767823,19,UC7 change price,202,HTTP/1.1 202,UC7 2-1,true,,481,0,1,5,http://swa-kovacs-vm1.cs.univie.ac.at/apigate/stores/200/stockitems/300?call_back=http://swa-gabrielkovacs.cs.univie.ac.at/webhook/data,18,0,0,99954938-0d72-4898-a4b3-e36cc6e6848d
1603133767820,23,UC4 receive order,202,HTTP/1.1 202,UC4 4-1,true,,435,0,1,5,http://swa-kovacs-vm1.cs.univie.ac.at/apigate/stores/201/orders/113?call_back=http://swa-gabrielkovacs.cs.univie.ac.at/webhook/data,23,0,0,2fe224f8-b876-47ec-84d0-9d47d4601fed
1603133767838,19,UC3 order products,202,HTTP/1.1 202,UC3 3-1,true,,416,0,1,5,http://swa-kovacs-vm1.cs.univie.ac.at/apigate/stores/201/orders?call_back=http://swa-gabrielkovacs.cs.univie.ac.at/webhook/data,18,0,0,12734024-4eca-4672-b736-9e9b6f37dc13
1603133767978,18,UC5 show stock report,202,HTTP/1.1 202,UC5 1-1,true,,381,0,1,5,http://swa-kovacs-vm1.cs.univie.ac.at/apigate/stores/200/stock-item-reports?call_back=http://swa-gabrielkovacs.cs.univie.ac.at/webhook/data,16,0,0,059a4696-8a5e-4d77-baff-101cd3c0a2f1
1603133768002,13,UC6 delivery reports,202,HTTP/1.1 202,UC6 5-1,true,,380,0,1,5,http://swa-kovacs-vm1.cs.univie.ac.at/apigate/enterprises/901/delivery-reports?call_back=http://swa-gabrielkovacs.cs.univie.ac.at/webhook/data,12,0,0,d1f81849-3a8d-4aff-8a93-dd76bbdc3839
1603133768144,22,UC4 receive order,202,HTTP/1.1 202,UC4 4-1,true,,435,0,1,5,http://swa-kovacs-vm1.cs.univie.ac.at/apigate/stores/201/orders/113?call_back=http://swa-gabrielkovacs.cs.univie.ac.at/webhook/data,22,0,0,678eb44d-ca9d-47cd-8fae-3ed742c03031
1603133768157,17,UC3 order products,202,HTTP/1.1 202,UC3 3-1,true,,416,0,1,5,http://swa-kovacs-vm1.cs.univie.ac.at/apigate/stores/201/orders?call_back=http://swa-gabrielkovacs.cs.univie.ac.at/webhook/data,16,0,0,44b86c06-8409-4427-a63b-d96e569e611e
1603133768143,32,UC7 change price,202,HTTP/1.1 202,UC7 2-1,true,,481,0,1,5,http://swa-kovacs-vm1.cs.univie.ac.at/apigate/stores/200/stockitems/300?call_back=http://swa-gabrielkovacs.cs.univie.ac.at/webhook/data,31,0,0,70460f31-500f-4ed7-aa7d-b2143c212ea2
1603133768297,16,UC5 show stock report,202,HTTP/1.1 202,UC5 1-1,true,,381,0,1,5,http://swa-kovacs-vm1.cs.univie.ac.at/apigate/stores/200/stock-item-reports?call_back=http://swa-gabrielkovacs.cs.univie.ac.at/webhook/data,15,0,0,bcd4062b-e65a-400d-acf3-1a8b5dc1417e
1603133768315,15,UC6 delivery reports,202,HTTP/1.1 202,UC6 5-1,true,,380,0,1,5,http://swa-kovacs-vm1.cs.univie.ac.at/apigate/enterprises/901/delivery-reports?call_back=http://swa-gabrielkovacs.cs.univie.ac.at/webhook/data,14,0,0,9c13652b-641e-44ce-b0a2-9fc6fecd6c50
1603133768474,14,UC3 order products,202,HTTP/1.1 202,UC3 3-1,true,,416,0,1,5,http://swa-kovacs-vm1.cs.univie.ac.at/apigate/stores/201/orders?call_back=http://swa-gabrielkovacs.cs.univie.ac.at/webhook/data,13,0,0,23522350-4ce4-4e5f-887d-0315eebe47b5
1603133768467,27,UC4 receive order,202,HTTP/1.1 202,UC4 4-1,true,,435,0,1,5,http://swa-kovacs-vm1.cs.univie.ac.at/apigate/stores/201/orders/113?call_back=http://swa-gabrielkovacs.cs.univie.ac.at/webhook/data,27,0,0,db0d9799-1a0f-4101-a4dc-e685e709b122
1603133768476,23,UC7 change price,202,HTTP/1.1 202,UC7 2-1,true,,481,0,1,5,http://swa-kovacs-vm1.cs.univie.ac.at/apigate/stores/200/stockitems/300?call_back=http://swa-gabrielkovacs.cs.univie.ac.at/webhook/data,22,0,0,6396f98f-d199-447f-a90f-268b7c8bf38a
1603133768614,14,UC5 show stock report,202,HTTP/1.1 202,UC5 1-1,true,,381,0,1,5,http://swa-kovacs-vm1.cs.univie.ac.at/apigate/stores/200/stock-item-reports?call_back=http://swa-gabrielkovacs.cs.univie.ac.at/webhook/data,13,0,0,9bd49b95-6872-4e63-862d-64e7862d4048
1603133768630,12,UC6 delivery reports,202,HTTP/1.1 202,UC6 5-1,true,,380,0,1,5,http://swa-kovacs-vm1.cs.univie.ac.at/apigate/enterprises/901/delivery-reports?call_back=http://swa-gabrielkovacs.cs.univie.ac.at/webhook/data,11,0,0,7707cd99-5e18-4739-b50a-652788e81e91
1603133768795,17,UC4 receive order,202,HTTP/1.1 202,UC4 4-1,true,,435,0,1,5,http://swa-kovacs-vm1.cs.univie.ac.at/apigate/stores/201/orders/113?call_back=http://swa-gabrielkovacs.cs.univie.ac.at/webhook/data,16,0,0,69d08fe5-352d-4bae-ac45-9a331b188e73
1603133768799,17,UC7 change price,202,HTTP/1.1 202,UC7 2-1,true,,481,0,1,5,http://swa-kovacs-vm1.cs.univie.ac.at/apigate/stores/200/stockitems/300?call_back=http://swa-gabrielkovacs.cs.univie.ac.at/webhook/data,17,0,0,6d2e8c77-844e-4980-816d-605eac588b6b
1603133768789,28,UC3 order products,202,HTTP/1.1 202,UC3 3-1,true,,416,0,1,5,http://swa-kovacs-vm1.cs.univie.ac.at/apigate/stores/201/orders?call_back=http://swa-gabrielkovacs.cs.univie.ac.at/webhook/data,26,0,0,e3087f7d-7e99-4cf2-a27b-3fd938f7ebe0
1603133768929,25,UC5 show stock report,202,HTTP/1.1 202,UC5 1-1,true,,381,0,1,5,http://swa-kovacs-vm1.cs.univie.ac.at/apigate/stores/200/stock-item-reports?call_back=http://swa-gabrielkovacs.cs.univie.ac.at/webhook/data,25,0,0,d934d6ba-d2f5-41c7-ba12-fc0ae2826f8b
1603133768942,29,UC6 delivery reports,202,HTTP/1.1 202,UC6 5-1,true,,380,0,1,5,http://swa-kovacs-vm1.cs.univie.ac.at/apigate/enterprises/901/delivery-reports?call_back=http://swa-gabrielkovacs.cs.univie.ac.at/webhook/data,28,0,0,0d060647-4a44-45c4-b629-9c556efcffda
1603133769118,21,UC3 order products,202,HTTP/1.1 202,UC3 3-1,true,,416,0,1,5,http://swa-kovacs-vm1.cs.univie.ac.at/apigate/stores/201/orders?call_back=http://swa-gabrielkovacs.cs.univie.ac.at/webhook/data,21,0,0,a99802de-2171-4bb7-aaac-a0446e6f45a3
1603133769117,24,UC7 change price,202,HTTP/1.1 202,UC7 2-1,true,,481,0,1,5,http://swa-kovacs-vm1.cs.univie.ac.at/apigate/stores/200/stockitems/300?call_back=http://swa-gabrielkovacs.cs.univie.ac.at/webhook/data,23,0,0,4fe096e5-1d40-4251-aa5f-979b56c787a4
1603133769113,30,UC4 receive order,202,HTTP/1.1 202,UC4 4-1,true,,435,0,1,5,http://swa-kovacs-vm1.cs.univie.ac.at/apigate/stores/201/orders/113?call_back=http://swa-gabrielkovacs.cs.univie.ac.at/webhook/data,29,0,0,6d41d9de-d4dc-4cfa-833a-ae7fccf6888d
1603133769255,14,UC5 show stock report,202,HTTP/1.1 202,UC5 1-1,true,,381,0,1,5,http://swa-kovacs-vm1.cs.univie.ac.at/apigate/stores/200/stock-item-reports?call_back=http://swa-gabrielkovacs.cs.univie.ac.at/webhook/data,13,0,0,73224ec5-2c81-4793-a71f-1c8697253b2d
1603133769271,14,UC6 delivery reports,202,HTTP/1.1 202,UC6 5-1,true,,380,0,1,5,http://swa-kovacs-vm1.cs.univie.ac.at/apigate/enterprises/901/delivery-reports?call_back=http://swa-gabrielkovacs.cs.univie.ac.at/webhook/data,13,0,0,db11cc61-3ed7-47b0-8f5b-65f226179741
1603133769444,20,UC4 receive order,202,HTTP/1.1 202,UC4 4-1,true,,435,0,1,5,http://swa-kovacs-vm1.cs.univie.ac.at/apigate/stores/201/orders/113?call_back=http://swa-gabrielkovacs.cs.univie.ac.at/webhook/data,19,0,0,ab5e2dd7-ffab-4fb0-9a48-56011c94e43d
1603133769440,26,UC3 order products,202,HTTP/1.1 202,UC3 3-1,true,,416,0,1,5,http://swa-kovacs-vm1.cs.univie.ac.at/apigate/stores/201/orders?call_back=http://swa-gabrielkovacs.cs.univie.ac.at/webhook/data,26,0,0,f97c3751-63d1-42c9-87dd-d830ede215a2
1603133769442,27,UC7 change price,202,HTTP/1.1 202,UC7 2-1,true,,481,0,1,5,http://swa-kovacs-vm1.cs.univie.ac.at/apigate/stores/200/stockitems/300?call_back=http://swa-gabrielkovacs.cs.univie.ac.at/webhook/data,27,0,0,af9c6ce2-0932-4b8b-8c44-2fa979d73146
1603133769570,13,UC5 show stock report,202,HTTP/1.1 202,UC5 1-1,true,,381,0,1,5,http://swa-kovacs-vm1.cs.univie.ac.at/apigate/stores/200/stock-item-reports?call_back=http://swa-gabrielkovacs.cs.univie.ac.at/webhook/data,13,0,0,bcca48b6-b929-4332-a9bb-831b79026a91
1603133769585,13,UC6 delivery reports,202,HTTP/1.1 202,UC6 5-1,true,,380,0,1,5,http://swa-kovacs-vm1.cs.univie.ac.at/apigate/enterprises/901/delivery-reports?call_back=http://swa-gabrielkovacs.cs.univie.ac.at/webhook/data,13,0,0,6b683337-2788-4605-8055-686cb2fcc0d9
1603133769769,23,UC7 change price,202,HTTP/1.1 202,UC7 2-1,true,,481,0,1,5,http://swa-kovacs-vm1.cs.univie.ac.at/apigate/stores/200/stockitems/300?call_back=http://swa-gabrielkovacs.cs.univie.ac.at/webhook/data,22,0,0,34aba965-6e89-4ef1-aa32-9832b1b2dc8d
1603133769767,28,UC3 order products,202,HTTP/1.1 202,UC3 3-1,true,,416,0,1,5,http://swa-kovacs-vm1.cs.univie.ac.at/apigate/stores/201/orders?call_back=http://swa-gabrielkovacs.cs.univie.ac.at/webhook/data,27,0,0,ebb160ad-1437-4812-961d-2ecb5886e37b
1603133769764,33,UC4 receive order,202,HTTP/1.1 202,UC4 4-1,true,,435,0,1,5,http://swa-kovacs-vm1.cs.univie.ac.at/apigate/stores/201/orders/113?call_back=http://swa-gabrielkovacs.cs.univie.ac.at/webhook/data,33,0,0,89137805-1474-4245-b90b-c9ef2cfa6185
1603133769884,15,UC5 show stock report,202,HTTP/1.1 202,UC5 1-1,true,,381,0,1,5,http://swa-kovacs-vm1.cs.univie.ac.at/apigate/stores/200/stock-item-reports?call_back=http://swa-gabrielkovacs.cs.univie.ac.at/webhook/data,14,0,0,d22bad6d-c898-4e8d-ae2f-bb8d8f4aa0db
1603133769898,15,UC6 delivery reports,202,HTTP/1.1 202,UC6 5-1,true,,380,0,1,5,http://swa-kovacs-vm1.cs.univie.ac.at/apigate/enterprises/901/delivery-reports?call_back=http://swa-gabrielkovacs.cs.univie.ac.at/webhook/data,14,0,0,64b74863-3db4-4a08-a874-e352ad67b1a6
1603133770092,25,UC7 change price,202,HTTP/1.1 202,UC7 2-1,true,,481,0,1,5,http://swa-kovacs-vm1.cs.univie.ac.at/apigate/stores/200/stockitems/300?call_back=http://swa-gabrielkovacs.cs.univie.ac.at/webhook/data,25,0,0,c1a775a8-b533-4814-9b56-c67139d60b3d
1603133770098,21,UC4 receive order,202,HTTP/1.1 202,UC4 4-1,true,,435,0,1,5,http://swa-kovacs-vm1.cs.univie.ac.at/apigate/stores/201/orders/113?call_back=http://swa-gabrielkovacs.cs.univie.ac.at/webhook/data,20,0,0,fafd0d38-149c-420d-bcfc-4cab42d8f851
1603133770095,27,UC3 order products,202,HTTP/1.1 202,UC3 3-1,true,,416,0,1,5,http://swa-kovacs-vm1.cs.univie.ac.at/apigate/stores/201/orders?call_back=http://swa-gabrielkovacs.cs.univie.ac.at/webhook/data,26,0,0,0806c199-83f6-49b9-a26d-b40a3c1e5917
1603133770200,19,UC5 show stock report,202,HTTP/1.1 202,UC5 1-1,true,,381,0,1,5,http://swa-kovacs-vm1.cs.univie.ac.at/apigate/stores/200/stock-item-reports?call_back=http://swa-gabrielkovacs.cs.univie.ac.at/webhook/data,19,0,0,ebcb0366-db24-4a1c-9dfb-8c1881af270e
1603133770213,15,UC6 delivery reports,202,HTTP/1.1 202,UC6 5-1,true,,380,0,1,5,http://swa-kovacs-vm1.cs.univie.ac.at/apigate/enterprises/901/delivery-reports?call_back=http://swa-gabrielkovacs.cs.univie.ac.at/webhook/data,15,0,0,6203bb9f-f357-49d1-a16c-e271f2b92a30
1603133770422,17,UC3 order products,202,HTTP/1.1 202,UC3 3-1,true,,416,0,1,5,http://swa-kovacs-vm1.cs.univie.ac.at/apigate/stores/201/orders?call_back=http://swa-gabrielkovacs.cs.univie.ac.at/webhook/data,17,0,0,969a3ae5-9d64-49ed-a045-bd7967a97b84
1603133770418,26,UC7 change price,202,HTTP/1.1 202,UC7 2-1,true,,481,0,1,5,http://swa-kovacs-vm1.cs.univie.ac.at/apigate/stores/200/stockitems/300?call_back=http://swa-gabrielkovacs.cs.univie.ac.at/webhook/data,25,0,0,638fcffa-c528-46d8-8549-7556b7eb6736
1603133770419,29,UC4 receive order,202,HTTP/1.1 202,UC4 4-1,true,,435,0,1,5,http://swa-kovacs-vm1.cs.univie.ac.at/apigate/stores/201/orders/113?call_back=http://swa-gabrielkovacs.cs.univie.ac.at/webhook/data,29,0,0,f1962dd6-01d1-40ba-ad94-69dce761b4a6
1603133770520,18,UC5 show stock report,202,HTTP/1.1 202,UC5 1-1,true,,381,0,1,5,http://swa-kovacs-vm1.cs.univie.ac.at/apigate/stores/200/stock-item-reports?call_back=http://swa-gabrielkovacs.cs.univie.ac.at/webhook/data,18,0,0,05e95956-9c80-4aca-a69f-9d39b62ea598
1603133770529,17,UC6 delivery reports,202,HTTP/1.1 202,UC6 5-1,true,,380,0,1,5,http://swa-kovacs-vm1.cs.univie.ac.at/apigate/enterprises/901/delivery-reports?call_back=http://swa-gabrielkovacs.cs.univie.ac.at/webhook/data,17,0,0,f22a249e-5746-48c5-a44d-cb4710f97a57
1603133770744,19,UC7 change price,202,HTTP/1.1 202,UC7 2-1,true,,481,0,1,5,http://swa-kovacs-vm1.cs.univie.ac.at/apigate/stores/200/stockitems/300?call_back=http://swa-gabrielkovacs.cs.univie.ac.at/webhook/data,19,0,0,2b86efad-ac3c-4026-9acb-6b9782580299
1603133770740,28,UC3 order products,202,HTTP/1.1 202,UC3 3-1,true,,416,0,1,5,http://swa-kovacs-vm1.cs.univie.ac.at/apigate/stores/201/orders?call_back=http://swa-gabrielkovacs.cs.univie.ac.at/webhook/data,27,0,0,7f9baea5-4b57-40eb-8c30-2d9734f6072b
1603133770748,25,UC4 receive order,202,HTTP/1.1 202,UC4 4-1,true,,435,0,1,5,http://swa-kovacs-vm1.cs.univie.ac.at/apigate/stores/201/orders/113?call_back=http://swa-gabrielkovacs.cs.univie.ac.at/webhook/data,25,0,0,915b3515-04fc-4f78-a8c5-ba72afff3583
1603133770839,15,UC5 show stock report,202,HTTP/1.1 202,UC5 1-1,true,,381,0,1,5,http://swa-kovacs-vm1.cs.univie.ac.at/apigate/stores/200/stock-item-reports?call_back=http://swa-gabrielkovacs.cs.univie.ac.at/webhook/data,14,0,0,3caaa5d2-7870-42f1-a29d-b605de928791
1603133770847,16,UC6 delivery reports,202,HTTP/1.1 202,UC6 5-1,true,,380,0,1,5,http://swa-kovacs-vm1.cs.univie.ac.at/apigate/enterprises/901/delivery-reports?call_back=http://swa-gabrielkovacs.cs.univie.ac.at/webhook/data,16,0,0,0cd1c180-b214-4273-ba8f-acb1156946b1
1603133771064,22,UC7 change price,202,HTTP/1.1 202,UC7 2-1,true,,481,0,1,5,http://swa-kovacs-vm1.cs.univie.ac.at/apigate/stores/200/stockitems/300?call_back=http://swa-gabrielkovacs.cs.univie.ac.at/webhook/data,21,0,0,6ef18de6-ed6c-434e-8a10-95772775ccb8
1603133771074,23,UC4 receive order,202,HTTP/1.1 202,UC4 4-1,true,,435,0,1,5,http://swa-kovacs-vm1.cs.univie.ac.at/apigate/stores/201/orders/113?call_back=http://swa-gabrielkovacs.cs.univie.ac.at/webhook/data,23,0,0,1535f8f5-64d0-4f0e-8217-2dc012bdf1dc
1603133771068,31,UC3 order products,202,HTTP/1.1 202,UC3 3-1,true,,416,0,1,5,http://swa-kovacs-vm1.cs.univie.ac.at/apigate/stores/201/orders?call_back=http://swa-gabrielkovacs.cs.univie.ac.at/webhook/data,30,0,0,9e23249d-9560-4138-b04c-cb4b745c8081
1603133771154,16,UC5 show stock report,202,HTTP/1.1 202,UC5 1-1,true,,381,0,1,5,http://swa-kovacs-vm1.cs.univie.ac.at/apigate/stores/200/stock-item-reports?call_back=http://swa-gabrielkovacs.cs.univie.ac.at/webhook/data,15,0,0,b1072d2c-465d-4f4e-9001-3753f3fc96ed
1603133771164,16,UC6 delivery reports,202,HTTP/1.1 202,UC6 5-1,true,,380,0,1,5,http://swa-kovacs-vm1.cs.univie.ac.at/apigate/enterprises/901/delivery-reports?call_back=http://swa-gabrielkovacs.cs.univie.ac.at/webhook/data,15,0,0,1a43ebd8-d374-4b18-ab27-249396e45e5d
1603133771387,22,UC7 change price,202,HTTP/1.1 202,UC7 2-1,true,,481,0,1,5,http://swa-kovacs-vm1.cs.univie.ac.at/apigate/stores/200/stockitems/300?call_back=http://swa-gabrielkovacs.cs.univie.ac.at/webhook/data,22,0,0,c026726e-7e22-46eb-90d1-7c4489a57644
1603133771399,21,UC3 order products,202,HTTP/1.1 202,UC3 3-1,true,,416,0,1,5,http://swa-kovacs-vm1.cs.univie.ac.at/apigate/stores/201/orders?call_back=http://swa-gabrielkovacs.cs.univie.ac.at/webhook/data,21,0,0,5eff3cb0-ed3c-4b4b-a702-e9e2eef5c6a9
1603133771398,23,UC4 receive order,202,HTTP/1.1 202,UC4 4-1,true,,435,0,1,5,http://swa-kovacs-vm1.cs.univie.ac.at/apigate/stores/201/orders/113?call_back=http://swa-gabrielkovacs.cs.univie.ac.at/webhook/data,23,0,0,22565cad-7fcf-4431-bc1d-e2cd9085b242
1603133771471,16,UC5 show stock report,202,HTTP/1.1 202,UC5 1-1,true,,381,0,1,5,http://swa-kovacs-vm1.cs.univie.ac.at/apigate/stores/200/stock-item-reports?call_back=http://swa-gabrielkovacs.cs.univie.ac.at/webhook/data,15,0,0,dd8216a4-c1b7-46b3-b73f-a7ab1c5e1d31
1603133771480,16,UC6 delivery reports,202,HTTP/1.1 202,UC6 5-1,true,,380,0,1,5,http://swa-kovacs-vm1.cs.univie.ac.at/apigate/enterprises/901/delivery-reports?call_back=http://swa-gabrielkovacs.cs.univie.ac.at/webhook/data,15,0,0,46d313e2-248f-45d9-8abd-cd880fed725a
1603133771709,20,UC7 change price,202,HTTP/1.1 202,UC7 2-1,true,,481,0,1,5,http://swa-kovacs-vm1.cs.univie.ac.at/apigate/stores/200/stockitems/300?call_back=http://swa-gabrielkovacs.cs.univie.ac.at/webhook/data,20,0,0,567fb8dc-4d4d-45aa-ba1f-d67b18196757
1603133771720,18,UC3 order products,202,HTTP/1.1 202,UC3 3-1,true,,416,0,1,5,http://swa-kovacs-vm1.cs.univie.ac.at/apigate/stores/201/orders?call_back=http://swa-gabrielkovacs.cs.univie.ac.at/webhook/data,18,0,0,f50582e5-bae7-435e-b2e5-388bf5b543bf
1603133771722,19,UC4 receive order,202,HTTP/1.1 202,UC4 4-1,true,,435,0,1,5,http://swa-kovacs-vm1.cs.univie.ac.at/apigate/stores/201/orders/113?call_back=http://swa-gabrielkovacs.cs.univie.ac.at/webhook/data,18,0,0,de8233f2-529f-4f26-9131-4468360442f0
1603133771787,15,UC5 show stock report,202,HTTP/1.1 202,UC5 1-1,true,,381,0,1,5,http://swa-kovacs-vm1.cs.univie.ac.at/apigate/stores/200/stock-item-reports?call_back=http://swa-gabrielkovacs.cs.univie.ac.at/webhook/data,15,0,0,aad5cb3b-3b1f-4e37-a692-717a56eeb1cf
1603133771796,13,UC6 delivery reports,202,HTTP/1.1 202,UC6 5-1,true,,380,0,1,5,http://swa-kovacs-vm1.cs.univie.ac.at/apigate/enterprises/901/delivery-reports?call_back=http://swa-gabrielkovacs.cs.univie.ac.at/webhook/data,13,0,0,2697b1de-4365-4d62-b420-16572d7c9c48
1603133772030,21,UC7 change price,202,HTTP/1.1 202,UC7 2-1,true,,481,0,1,5,http://swa-kovacs-vm1.cs.univie.ac.at/apigate/stores/200/stockitems/300?call_back=http://swa-gabrielkovacs.cs.univie.ac.at/webhook/data,21,0,0,8605132f-7632-4982-9635-3dc18db1db9e
1603133772041,19,UC4 receive order,202,HTTP/1.1 202,UC4 4-1,true,,435,0,1,5,http://swa-kovacs-vm1.cs.univie.ac.at/apigate/stores/201/orders/113?call_back=http://swa-gabrielkovacs.cs.univie.ac.at/webhook/data,18,0,0,9f8fddf9-aa1f-4a4a-b70d-9342b2ba78d0
1603133772039,24,UC3 order products,202,HTTP/1.1 202,UC3 3-1,true,,416,0,1,5,http://swa-kovacs-vm1.cs.univie.ac.at/apigate/stores/201/orders?call_back=http://swa-gabrielkovacs.cs.univie.ac.at/webhook/data,23,0,0,ecde843b-ba0f-447e-a819-c6d63da5e7bb
1603133772103,16,UC5 show stock report,202,HTTP/1.1 202,UC5 1-1,true,,381,0,1,5,http://swa-kovacs-vm1.cs.univie.ac.at/apigate/stores/200/stock-item-reports?call_back=http://swa-gabrielkovacs.cs.univie.ac.at/webhook/data,16,0,0,4241493e-9510-48d6-813d-7b16d5f1f270
1603133772110,17,UC6 delivery reports,202,HTTP/1.1 202,UC6 5-1,true,,380,0,1,5,http://swa-kovacs-vm1.cs.univie.ac.at/apigate/enterprises/901/delivery-reports?call_back=http://swa-gabrielkovacs.cs.univie.ac.at/webhook/data,17,0,0,91c46501-4823-4563-83a8-928050a4a576
1603133772352,27,UC7 change price,202,HTTP/1.1 202,UC7 2-1,true,,481,0,1,5,http://swa-kovacs-vm1.cs.univie.ac.at/apigate/stores/200/stockitems/300?call_back=http://swa-gabrielkovacs.cs.univie.ac.at/webhook/data,27,0,0,64d48c12-6e65-4f09-98a9-ab592b64ff14
1603133772360,20,UC4 receive order,202,HTTP/1.1 202,UC4 4-1,true,,435,0,1,5,http://swa-kovacs-vm1.cs.univie.ac.at/apigate/stores/201/orders/113?call_back=http://swa-gabrielkovacs.cs.univie.ac.at/webhook/data,20,0,0,247b9ff2-08dc-477d-8e2c-0a03b62016b1
1603133772363,23,UC3 order products,202,HTTP/1.1 202,UC3 3-1,true,,416,0,1,5,http://swa-kovacs-vm1.cs.univie.ac.at/apigate/stores/201/orders?call_back=http://swa-gabrielkovacs.cs.univie.ac.at/webhook/data,23,0,0,40df168b-2bd8-460f-bc43-0e5e76132b54
1603133772428,14,UC6 delivery reports,202,HTTP/1.1 202,UC6 5-1,true,,380,0,1,5,http://swa-kovacs-vm1.cs.univie.ac.at/apigate/enterprises/901/delivery-reports?call_back=http://swa-gabrielkovacs.cs.univie.ac.at/webhook/data,14,0,0,52d64506-e878-477b-97c8-28068099265e
1603133772420,24,UC5 show stock report,202,HTTP/1.1 202,UC5 1-1,true,,381,0,1,5,http://swa-kovacs-vm1.cs.univie.ac.at/apigate/stores/200/stock-item-reports?call_back=http://swa-gabrielkovacs.cs.univie.ac.at/webhook/data,23,0,0,b5206614-b0d2-4f1a-8f58-f05cf779c1ad
1603133772680,21,UC7 change price,202,HTTP/1.1 202,UC7 2-1,true,,481,0,1,5,http://swa-kovacs-vm1.cs.univie.ac.at/apigate/stores/200/stockitems/300?call_back=http://swa-gabrielkovacs.cs.univie.ac.at/webhook/data,21,0,0,2f0560ec-e899-412e-b2e3-f43b06eb7ac8
1603133772681,26,UC4 receive order,202,HTTP/1.1 202,UC4 4-1,true,,435,0,1,5,http://swa-kovacs-vm1.cs.univie.ac.at/apigate/stores/201/orders/113?call_back=http://swa-gabrielkovacs.cs.univie.ac.at/webhook/data,26,0,0,ae63a82e-d83f-4d02-afb2-d115ba49eb1a
1603133772687,27,UC3 order products,202,HTTP/1.1 202,UC3 3-1,true,,416,0,1,5,http://swa-kovacs-vm1.cs.univie.ac.at/apigate/stores/201/orders?call_back=http://swa-gabrielkovacs.cs.univie.ac.at/webhook/data,26,0,0,88bf880a-9471-411e-9343-595a840141d4
1603133772743,14,UC6 delivery reports,202,HTTP/1.1 202,UC6 5-1,true,,380,0,1,5,http://swa-kovacs-vm1.cs.univie.ac.at/apigate/enterprises/901/delivery-reports?call_back=http://swa-gabrielkovacs.cs.univie.ac.at/webhook/data,14,0,0,77eb1f7a-04d5-4145-a6cc-3f0ee7d0cf85
1603133772744,19,UC5 show stock report,202,HTTP/1.1 202,UC5 1-1,true,,381,0,1,5,http://swa-kovacs-vm1.cs.univie.ac.at/apigate/stores/200/stock-item-reports?call_back=http://swa-gabrielkovacs.cs.univie.ac.at/webhook/data,18,0,0,fafe003b-6bef-4ba8-a67a-a5ffd3a898d6
1603133773000,25,UC7 change price,202,HTTP/1.1 202,UC7 2-1,true,,481,0,1,5,http://swa-kovacs-vm1.cs.univie.ac.at/apigate/stores/200/stockitems/300?call_back=http://swa-gabrielkovacs.cs.univie.ac.at/webhook/data,25,0,0,60f1a1ff-c430-42e1-85e7-48ab2be2e968
1603133773007,23,UC4 receive order,202,HTTP/1.1 202,UC4 4-1,true,,435,0,1,5,http://swa-kovacs-vm1.cs.univie.ac.at/apigate/stores/201/orders/113?call_back=http://swa-gabrielkovacs.cs.univie.ac.at/webhook/data,23,0,0,866f3c09-5786-438d-8a89-836cce68309f
1603133773013,21,UC3 order products,202,HTTP/1.1 202,UC3 3-1,true,,416,0,1,5,http://swa-kovacs-vm1.cs.univie.ac.at/apigate/stores/201/orders?call_back=http://swa-gabrielkovacs.cs.univie.ac.at/webhook/data,20,0,0,d029e014-9ffd-4fd0-b398-1cb7e2cb1716
1603133773057,14,UC6 delivery reports,202,HTTP/1.1 202,UC6 5-1,true,,380,0,1,5,http://swa-kovacs-vm1.cs.univie.ac.at/apigate/enterprises/901/delivery-reports?call_back=http://swa-gabrielkovacs.cs.univie.ac.at/webhook/data,13,0,0,f6e332e7-efe1-462b-9588-ceb57972e312
1603133773062,15,UC5 show stock report,202,HTTP/1.1 202,UC5 1-1,true,,381,0,1,5,http://swa-kovacs-vm1.cs.univie.ac.at/apigate/stores/200/stock-item-reports?call_back=http://swa-gabrielkovacs.cs.univie.ac.at/webhook/data,15,0,0,ce32d8ab-4dbd-4e4c-9994-ea2b475bcaa2
1603133773331,17,UC4 receive order,202,HTTP/1.1 202,UC4 4-1,true,,435,0,1,5,http://swa-kovacs-vm1.cs.univie.ac.at/apigate/stores/201/orders/113?call_back=http://swa-gabrielkovacs.cs.univie.ac.at/webhook/data,16,0,0,57ec4c94-5638-49ff-a9f6-4998f0d5ff4d
1603133773325,24,UC7 change price,202,HTTP/1.1 202,UC7 2-1,true,,481,0,1,5,http://swa-kovacs-vm1.cs.univie.ac.at/apigate/stores/200/stockitems/300?call_back=http://swa-gabrielkovacs.cs.univie.ac.at/webhook/data,24,0,0,e9e19073-a746-47aa-9c61-269e73a9a614
1603133773335,26,UC3 order products,202,HTTP/1.1 202,UC3 3-1,true,,416,0,1,5,http://swa-kovacs-vm1.cs.univie.ac.at/apigate/stores/201/orders?call_back=http://swa-gabrielkovacs.cs.univie.ac.at/webhook/data,25,0,0,60a7dfb7-7164-44c4-9b1e-cd6f0e537631
1603133773371,22,UC6 delivery reports,202,HTTP/1.1 202,UC6 5-1,true,,380,0,1,5,http://swa-kovacs-vm1.cs.univie.ac.at/apigate/enterprises/901/delivery-reports?call_back=http://swa-gabrielkovacs.cs.univie.ac.at/webhook/data,22,0,0,92f12f63-bf62-4a15-9ed3-b7f8119bc40b
1603133773378,21,UC5 show stock report,202,HTTP/1.1 202,UC5 1-1,true,,381,0,1,5,http://swa-kovacs-vm1.cs.univie.ac.at/apigate/stores/200/stock-item-reports?call_back=http://swa-gabrielkovacs.cs.univie.ac.at/webhook/data,21,0,0,231cecf7-1b48-4cbb-b3c5-e294f293ad19
1603133773661,16,UC3 order products,202,HTTP/1.1 202,UC3 3-1,true,,416,0,1,5,http://swa-kovacs-vm1.cs.univie.ac.at/apigate/stores/201/orders?call_back=http://swa-gabrielkovacs.cs.univie.ac.at/webhook/data,15,0,0,9af809eb-b321-4c51-af54-f9439a9325df
1603133773650,28,UC7 change price,202,HTTP/1.1 202,UC7 2-1,true,,481,0,1,5,http://swa-kovacs-vm1.cs.univie.ac.at/apigate/stores/200/stockitems/300?call_back=http://swa-gabrielkovacs.cs.univie.ac.at/webhook/data,28,0,0,449cdad6-5757-45d3-892b-4f238963a902
1603133773649,35,UC4 receive order,202,HTTP/1.1 202,UC4 4-1,true,,435,0,1,5,http://swa-kovacs-vm1.cs.univie.ac.at/apigate/stores/201/orders/113?call_back=http://swa-gabrielkovacs.cs.univie.ac.at/webhook/data,35,0,0,ae67cd7a-f006-4806-9a92-e34d18e8d055
1603133773694,18,UC6 delivery reports,202,HTTP/1.1 202,UC6 5-1,true,,380,0,1,5,http://swa-kovacs-vm1.cs.univie.ac.at/apigate/enterprises/901/delivery-reports?call_back=http://swa-gabrielkovacs.cs.univie.ac.at/webhook/data,18,0,0,211a38d8-fac7-47f4-96c1-cc7f3380698a
1603133773700,17,UC5 show stock report,202,HTTP/1.1 202,UC5 1-1,true,,381,0,1,5,http://swa-kovacs-vm1.cs.univie.ac.at/apigate/stores/200/stock-item-reports?call_back=http://swa-gabrielkovacs.cs.univie.ac.at/webhook/data,17,0,0,7facbde5-6c22-45e7-83f6-34413162b93b
1603133773979,18,UC7 change price,202,HTTP/1.1 202,UC7 2-1,true,,481,0,1,5,http://swa-kovacs-vm1.cs.univie.ac.at/apigate/stores/200/stockitems/300?call_back=http://swa-gabrielkovacs.cs.univie.ac.at/webhook/data,18,0,0,d524d1ae-79bd-4c80-b9ed-a0ab4b367a71
1603133773978,24,UC3 order products,202,HTTP/1.1 202,UC3 3-1,true,,416,0,1,5,http://swa-kovacs-vm1.cs.univie.ac.at/apigate/stores/201/orders?call_back=http://swa-gabrielkovacs.cs.univie.ac.at/webhook/data,24,0,0,acb49970-bc9d-4b21-836d-21c302342ff9
1603133773985,26,UC4 receive order,202,HTTP/1.1 202,UC4 4-1,true,,435,0,1,5,http://swa-kovacs-vm1.cs.univie.ac.at/apigate/stores/201/orders/113?call_back=http://swa-gabrielkovacs.cs.univie.ac.at/webhook/data,26,0,0,09aeaa0b-7523-4d98-91e5-d2f2b7d6c454
1603133774013,20,UC6 delivery reports,202,HTTP/1.1 202,UC6 5-1,true,,380,0,1,5,http://swa-kovacs-vm1.cs.univie.ac.at/apigate/enterprises/901/delivery-reports?call_back=http://swa-gabrielkovacs.cs.univie.ac.at/webhook/data,20,0,0,adf894ad-f29b-483d-9a66-8680f582cb91
1603133774018,18,UC5 show stock report,202,HTTP/1.1 202,UC5 1-1,true,,381,0,1,5,http://swa-kovacs-vm1.cs.univie.ac.at/apigate/stores/200/stock-item-reports?call_back=http://swa-gabrielkovacs.cs.univie.ac.at/webhook/data,18,0,0,de9fb64c-ada2-4af5-a6f6-9c38ccfc1dc1
1603133774303,24,UC3 order products,202,HTTP/1.1 202,UC3 3-1,true,,416,0,1,5,http://swa-kovacs-vm1.cs.univie.ac.at/apigate/stores/201/orders?call_back=http://swa-gabrielkovacs.cs.univie.ac.at/webhook/data,20,0,0,ce9964df-ed12-4cde-8f22-ae584e8a4352
1603133774311,22,UC4 receive order,202,HTTP/1.1 202,UC4 4-1,true,,435,0,1,5,http://swa-kovacs-vm1.cs.univie.ac.at/apigate/stores/201/orders/113?call_back=http://swa-gabrielkovacs.cs.univie.ac.at/webhook/data,22,0,0,98308ca2-a16b-47fa-a5c7-62371f055592
1603133774298,36,UC7 change price,202,HTTP/1.1 202,UC7 2-1,true,,481,0,1,5,http://swa-kovacs-vm1.cs.univie.ac.at/apigate/stores/200/stockitems/300?call_back=http://swa-gabrielkovacs.cs.univie.ac.at/webhook/data,33,0,0,e194a289-2161-4995-ba17-b3462691f5c4
1603133774334,15,UC6 delivery reports,202,HTTP/1.1 202,UC6 5-1,true,,380,0,1,5,http://swa-kovacs-vm1.cs.univie.ac.at/apigate/enterprises/901/delivery-reports?call_back=http://swa-gabrielkovacs.cs.univie.ac.at/webhook/data,14,0,0,64aeaa28-0636-4a31-8fc7-23c6c668483a
1603133774337,19,UC5 show stock report,202,HTTP/1.1 202,UC5 1-1,true,,381,0,1,5,http://swa-kovacs-vm1.cs.univie.ac.at/apigate/stores/200/stock-item-reports?call_back=http://swa-gabrielkovacs.cs.univie.ac.at/webhook/data,19,0,0,6fac43ef-c4d6-4918-bdff-1c9398e3dd0e
1603133774628,21,UC3 order products,202,HTTP/1.1 202,UC3 3-1,true,,416,0,1,5,http://swa-kovacs-vm1.cs.univie.ac.at/apigate/stores/201/orders?call_back=http://swa-gabrielkovacs.cs.univie.ac.at/webhook/data,21,0,0,625a0a52-7fd3-4570-af9a-438ed97332ae
1603133774634,30,UC7 change price,202,HTTP/1.1 202,UC7 2-1,true,,481,0,1,5,http://swa-kovacs-vm1.cs.univie.ac.at/apigate/stores/200/stockitems/300?call_back=http://swa-gabrielkovacs.cs.univie.ac.at/webhook/data,29,0,0,f1267422-4db2-4339-8e11-6fdb39926e90
1603133774634,30,UC4 receive order,202,HTTP/1.1 202,UC4 4-1,true,,435,0,1,5,http://swa-kovacs-vm1.cs.univie.ac.at/apigate/stores/201/orders/113?call_back=http://swa-gabrielkovacs.cs.univie.ac.at/webhook/data,29,0,0,82c2d7fa-c7cb-4a7a-a924-c88cda95d77b
1603133774649,30,UC6 delivery reports,202,HTTP/1.1 202,UC6 5-1,true,,380,0,1,5,http://swa-kovacs-vm1.cs.univie.ac.at/apigate/enterprises/901/delivery-reports?call_back=http://swa-gabrielkovacs.cs.univie.ac.at/webhook/data,29,0,0,2acf2458-10ae-4d4c-bff1-bcc11a074fc3
1603133774657,24,UC5 show stock report,202,HTTP/1.1 202,UC5 1-1,true,,381,0,1,5,http://swa-kovacs-vm1.cs.univie.ac.at/apigate/stores/200/stock-item-reports?call_back=http://swa-gabrielkovacs.cs.univie.ac.at/webhook/data,24,0,0,5eb217a2-eba0-40e0-a64d-0565e6123d41
1603133774949,17,UC3 order products,202,HTTP/1.1 202,UC3 3-1,true,,416,0,1,5,http://swa-kovacs-vm1.cs.univie.ac.at/apigate/stores/201/orders?call_back=http://swa-gabrielkovacs.cs.univie.ac.at/webhook/data,16,0,0,e4d01db3-ff98-43c8-8a31-fdaae25976d0
1603133774980,14,UC6 delivery reports,202,HTTP/1.1 202,UC6 5-1,true,,380,0,1,5,http://swa-kovacs-vm1.cs.univie.ac.at/apigate/enterprises/901/delivery-reports?call_back=http://swa-gabrielkovacs.cs.univie.ac.at/webhook/data,14,0,0,e31757d1-c343-4aca-b473-2b85cc864666
1603133774964,33,UC4 receive order,202,HTTP/1.1 202,UC4 4-1,true,,435,0,1,5,http://swa-kovacs-vm1.cs.univie.ac.at/apigate/stores/201/orders/113?call_back=http://swa-gabrielkovacs.cs.univie.ac.at/webhook/data,32,0,0,5d804494-2ef8-4c5b-b608-86c2ee06d13d
1603133774964,34,UC7 change price,202,HTTP/1.1 202,UC7 2-1,true,,481,0,1,5,http://swa-kovacs-vm1.cs.univie.ac.at/apigate/stores/200/stockitems/300?call_back=http://swa-gabrielkovacs.cs.univie.ac.at/webhook/data,33,0,0,c2685d99-0586-4ac3-8ced-49a467bf2421
1603133774982,28,UC5 show stock report,202,HTTP/1.1 202,UC5 1-1,true,,381,0,1,5,http://swa-kovacs-vm1.cs.univie.ac.at/apigate/stores/200/stock-item-reports?call_back=http://swa-gabrielkovacs.cs.univie.ac.at/webhook/data,28,0,0,f6698bde-466a-492f-849a-78e81386d936
1603133775267,13,UC3 order products,202,HTTP/1.1 202,UC3 3-1,true,,416,0,1,5,http://swa-kovacs-vm1.cs.univie.ac.at/apigate/stores/201/orders?call_back=http://swa-gabrielkovacs.cs.univie.ac.at/webhook/data,13,0,0,64347571-cec5-4ee1-8e57-3af272bdb8cb
1603133775295,18,UC6 delivery reports,202,HTTP/1.1 202,UC6 5-1,true,,380,0,1,5,http://swa-kovacs-vm1.cs.univie.ac.at/apigate/enterprises/901/delivery-reports?call_back=http://swa-gabrielkovacs.cs.univie.ac.at/webhook/data,18,0,0,503ffb2d-2e75-4683-88c0-2897de926319
1603133775299,23,UC7 change price,202,HTTP/1.1 202,UC7 2-1,true,,481,0,1,5,http://swa-kovacs-vm1.cs.univie.ac.at/apigate/stores/200/stockitems/300?call_back=http://swa-gabrielkovacs.cs.univie.ac.at/webhook/data,22,0,0,6433fda9-2165-4d3a-8f7d-d4ed7e5f697b
1603133775298,25,UC4 receive order,202,HTTP/1.1 202,UC4 4-1,true,,435,0,1,5,http://swa-kovacs-vm1.cs.univie.ac.at/apigate/stores/201/orders/113?call_back=http://swa-gabrielkovacs.cs.univie.ac.at/webhook/data,23,0,0,419749e0-7985-49db-838a-22a1b9f52df4
1603133775311,22,UC5 show stock report,202,HTTP/1.1 202,UC5 1-1,true,,381,0,1,5,http://swa-kovacs-vm1.cs.univie.ac.at/apigate/stores/200/stock-item-reports?call_back=http://swa-gabrielkovacs.cs.univie.ac.at/webhook/data,22,0,0,940e442c-b574-46ce-8286-db665e0c6e65
1603133775581,20,UC3 order products,202,HTTP/1.1 202,UC3 3-1,true,,416,0,1,5,http://swa-kovacs-vm1.cs.univie.ac.at/apigate/stores/201/orders?call_back=http://swa-gabrielkovacs.cs.univie.ac.at/webhook/data,19,0,0,fb5ff8c7-e053-44f2-a9eb-a49d1c4e1774
1603133775614,14,UC6 delivery reports,202,HTTP/1.1 202,UC6 5-1,true,,380,0,1,5,http://swa-kovacs-vm1.cs.univie.ac.at/apigate/enterprises/901/delivery-reports?call_back=http://swa-gabrielkovacs.cs.univie.ac.at/webhook/data,14,0,0,39364404-5cc2-45b1-b1be-f128f3ce3006
1603133775622,23,UC7 change price,202,HTTP/1.1 202,UC7 2-1,true,,481,0,1,5,http://swa-kovacs-vm1.cs.univie.ac.at/apigate/stores/200/stockitems/300?call_back=http://swa-gabrielkovacs.cs.univie.ac.at/webhook/data,23,0,0,cb3d86cf-baec-46ac-b60a-2115165177ce
1603133775623,26,UC4 receive order,202,HTTP/1.1 202,UC4 4-1,true,,435,0,1,5,http://swa-kovacs-vm1.cs.univie.ac.at/apigate/stores/201/orders/113?call_back=http://swa-gabrielkovacs.cs.univie.ac.at/webhook/data,26,0,0,62201213-4e51-4a41-97a1-b9a782931d3e
1603133775634,19,UC5 show stock report,202,HTTP/1.1 202,UC5 1-1,true,,381,0,1,5,http://swa-kovacs-vm1.cs.univie.ac.at/apigate/stores/200/stock-item-reports?call_back=http://swa-gabrielkovacs.cs.univie.ac.at/webhook/data,18,0,0,e09912c7-d78b-451d-878d-0f6c28f24aa2
1603133775901,14,UC3 order products,202,HTTP/1.1 202,UC3 3-1,true,,416,0,1,5,http://swa-kovacs-vm1.cs.univie.ac.at/apigate/stores/201/orders?call_back=http://swa-gabrielkovacs.cs.univie.ac.at/webhook/data,14,0,0,3c443efb-fb26-4093-a9ff-d3d2e7bc05a1
1603133775929,12,UC6 delivery reports,202,HTTP/1.1 202,UC6 5-1,true,,380,0,1,5,http://swa-kovacs-vm1.cs.univie.ac.at/apigate/enterprises/901/delivery-reports?call_back=http://swa-gabrielkovacs.cs.univie.ac.at/webhook/data,12,0,0,a1e92102-40f8-4b4f-acde-9f4c04567bda
1603133775946,26,UC7 change price,202,HTTP/1.1 202,UC7 2-1,true,,481,0,1,5,http://swa-kovacs-vm1.cs.univie.ac.at/apigate/stores/200/stockitems/300?call_back=http://swa-gabrielkovacs.cs.univie.ac.at/webhook/data,25,0,0,d1932fb1-c49a-441a-ac0e-a006646da024
1603133775949,24,UC4 receive order,202,HTTP/1.1 202,UC4 4-1,true,,435,0,1,5,http://swa-kovacs-vm1.cs.univie.ac.at/apigate/stores/201/orders/113?call_back=http://swa-gabrielkovacs.cs.univie.ac.at/webhook/data,23,0,0,83d6b1f3-d3d9-49c7-b8cc-65f65809c4f3
1603133775954,28,UC5 show stock report,202,HTTP/1.1 202,UC5 1-1,true,,381,0,1,5,http://swa-kovacs-vm1.cs.univie.ac.at/apigate/stores/200/stock-item-reports?call_back=http://swa-gabrielkovacs.cs.univie.ac.at/webhook/data,27,0,0,b54b82e5-17a6-4a53-8757-9f85b3d4a40f
1603133776216,15,UC3 order products,202,HTTP/1.1 202,UC3 3-1,true,,416,0,1,5,http://swa-kovacs-vm1.cs.univie.ac.at/apigate/stores/201/orders?call_back=http://swa-gabrielkovacs.cs.univie.ac.at/webhook/data,14,0,0,d30d198b-c648-49b1-9992-947a86309b05
1603133776242,13,UC6 delivery reports,202,HTTP/1.1 202,UC6 5-1,true,,380,0,1,5,http://swa-kovacs-vm1.cs.univie.ac.at/apigate/enterprises/901/delivery-reports?call_back=http://swa-gabrielkovacs.cs.univie.ac.at/webhook/data,12,0,0,16c26424-f90a-427e-ad34-cdfb93977956
1603133776274,23,UC4 receive order,202,HTTP/1.1 202,UC4 4-1,true,,435,0,1,5,http://swa-kovacs-vm1.cs.univie.ac.at/apigate/stores/201/orders/113?call_back=http://swa-gabrielkovacs.cs.univie.ac.at/webhook/data,23,0,0,56fb9788-f113-43a9-a219-2b22a114bf47
1603133776273,24,UC7 change price,202,HTTP/1.1 202,UC7 2-1,true,,481,0,1,5,http://swa-kovacs-vm1.cs.univie.ac.at/apigate/stores/200/stockitems/300?call_back=http://swa-gabrielkovacs.cs.univie.ac.at/webhook/data,23,0,0,fcef8755-611b-4e72-ac61-a223db317a3f
1603133776282,30,UC5 show stock report,202,HTTP/1.1 202,UC5 1-1,true,,381,0,1,5,http://swa-kovacs-vm1.cs.univie.ac.at/apigate/stores/200/stock-item-reports?call_back=http://swa-gabrielkovacs.cs.univie.ac.at/webhook/data,30,0,0,a2a3188e-aac3-4312-aa9c-c652194b226b
1603133776531,19,UC3 order products,202,HTTP/1.1 202,UC3 3-1,true,,416,0,1,5,http://swa-kovacs-vm1.cs.univie.ac.at/apigate/stores/201/orders?call_back=http://swa-gabrielkovacs.cs.univie.ac.at/webhook/data,17,0,0,d567e63e-81ce-4d58-bd47-a65303b4eb96
1603133776555,14,UC6 delivery reports,202,HTTP/1.1 202,UC6 5-1,true,,380,0,1,5,http://swa-kovacs-vm1.cs.univie.ac.at/apigate/enterprises/901/delivery-reports?call_back=http://swa-gabrielkovacs.cs.univie.ac.at/webhook/data,14,0,0,f80def8a-7b82-4d0d-bdb8-2caaf06d29b8
1603133776597,30,UC4 receive order,202,HTTP/1.1 202,UC4 4-1,true,,435,0,1,5,http://swa-kovacs-vm1.cs.univie.ac.at/apigate/stores/201/orders/113?call_back=http://swa-gabrielkovacs.cs.univie.ac.at/webhook/data,26,0,0,5573671c-a328-4807-865f-e2458dc6b992
1603133776613,22,UC5 show stock report,202,HTTP/1.1 202,UC5 1-1,true,,381,0,1,5,http://swa-kovacs-vm1.cs.univie.ac.at/apigate/stores/200/stock-item-reports?call_back=http://swa-gabrielkovacs.cs.univie.ac.at/webhook/data,22,0,0,75b3e945-95e2-4e12-b1fb-505097dad4f2
1603133776598,40,UC7 change price,202,HTTP/1.1 202,UC7 2-1,true,,481,0,1,5,http://swa-kovacs-vm1.cs.univie.ac.at/apigate/stores/200/stockitems/300?call_back=http://swa-gabrielkovacs.cs.univie.ac.at/webhook/data,40,0,0,c0a49177-fc4c-4550-8b18-b7cd4bb17bc4
1603133776850,14,UC3 order products,202,HTTP/1.1 202,UC3 3-1,true,,416,0,1,5,http://swa-kovacs-vm1.cs.univie.ac.at/apigate/stores/201/orders?call_back=http://swa-gabrielkovacs.cs.univie.ac.at/webhook/data,14,0,0,88c86d7c-a7ff-44ed-8a49-571f663a398c
1603133776870,13,UC6 delivery reports,202,HTTP/1.1 202,UC6 5-1,true,,380,0,1,5,http://swa-kovacs-vm1.cs.univie.ac.at/apigate/enterprises/901/delivery-reports?call_back=http://swa-gabrielkovacs.cs.univie.ac.at/webhook/data,13,0,0,dbb70397-ad2c-476e-b035-8684be4331ed
1603133776928,16,UC4 receive order,202,HTTP/1.1 202,UC4 4-1,true,,435,0,1,5,http://swa-kovacs-vm1.cs.univie.ac.at/apigate/stores/201/orders/113?call_back=http://swa-gabrielkovacs.cs.univie.ac.at/webhook/data,15,0,0,9e72fa8a-90e7-42ba-8374-dbe807349fb4
1603133776936,18,UC5 show stock report,202,HTTP/1.1 202,UC5 1-1,true,,381,0,1,5,http://swa-kovacs-vm1.cs.univie.ac.at/apigate/stores/200/stock-item-reports?call_back=http://swa-gabrielkovacs.cs.univie.ac.at/webhook/data,18,0,0,8e8568a5-9c80-4cd5-bc14-95e633a5ec64
1603133776939,18,UC7 change price,202,HTTP/1.1 202,UC7 2-1,true,,481,0,1,5,http://swa-kovacs-vm1.cs.univie.ac.at/apigate/stores/200/stockitems/300?call_back=http://swa-gabrielkovacs.cs.univie.ac.at/webhook/data,17,0,0,68a91c9c-23d2-444a-9d1d-3d932b106d37
1603133777165,15,UC3 order products,202,HTTP/1.1 202,UC3 3-1,true,,416,0,1,5,http://swa-kovacs-vm1.cs.univie.ac.at/apigate/stores/201/orders?call_back=http://swa-gabrielkovacs.cs.univie.ac.at/webhook/data,15,0,0,12069326-7c40-41bd-956d-88a32e13844d
1603133777184,14,UC6 delivery reports,202,HTTP/1.1 202,UC6 5-1,true,,380,0,1,5,http://swa-kovacs-vm1.cs.univie.ac.at/apigate/enterprises/901/delivery-reports?call_back=http://swa-gabrielkovacs.cs.univie.ac.at/webhook/data,13,0,0,780e4bca-46cc-4925-9f56-a89001d4d932
1603133777245,16,UC4 receive order,202,HTTP/1.1 202,UC4 4-1,true,,435,0,1,5,http://swa-kovacs-vm1.cs.univie.ac.at/apigate/stores/201/orders/113?call_back=http://swa-gabrielkovacs.cs.univie.ac.at/webhook/data,16,0,0,c4afbc52-d533-4fab-9884-d818ee2bc933
1603133777254,21,UC5 show stock report,202,HTTP/1.1 202,UC5 1-1,true,,381,0,1,5,http://swa-kovacs-vm1.cs.univie.ac.at/apigate/stores/200/stock-item-reports?call_back=http://swa-gabrielkovacs.cs.univie.ac.at/webhook/data,20,0,0,55d57295-7932-46b4-a322-626c7013b2a3
1603133777258,19,UC7 change price,202,HTTP/1.1 202,UC7 2-1,true,,481,0,1,5,http://swa-kovacs-vm1.cs.univie.ac.at/apigate/stores/200/stockitems/300?call_back=http://swa-gabrielkovacs.cs.univie.ac.at/webhook/data,19,0,0,9929f624-7f4d-40a2-ad83-d2c7c85cca59
1603133777481,18,UC3 order products,202,HTTP/1.1 202,UC3 3-1,true,,416,0,1,5,http://swa-kovacs-vm1.cs.univie.ac.at/apigate/stores/201/orders?call_back=http://swa-gabrielkovacs.cs.univie.ac.at/webhook/data,18,0,0,4c877d72-d2a2-4264-a725-4bdbf2689804
1603133777499,14,UC6 delivery reports,202,HTTP/1.1 202,UC6 5-1,true,,380,0,1,5,http://swa-kovacs-vm1.cs.univie.ac.at/apigate/enterprises/901/delivery-reports?call_back=http://swa-gabrielkovacs.cs.univie.ac.at/webhook/data,14,0,0,fd3487f7-7aa4-46b3-947b-cc4e274a1800
1603133777562,13,UC4 receive order,202,HTTP/1.1 202,UC4 4-1,true,,435,0,1,5,http://swa-kovacs-vm1.cs.univie.ac.at/apigate/stores/201/orders/113?call_back=http://swa-gabrielkovacs.cs.univie.ac.at/webhook/data,12,0,0,2e6c5c26-47d4-4286-82d8-ffb8e48f5cfb
1603133777575,22,UC5 show stock report,202,HTTP/1.1 202,UC5 1-1,true,,381,0,1,5,http://swa-kovacs-vm1.cs.univie.ac.at/apigate/stores/200/stock-item-reports?call_back=http://swa-gabrielkovacs.cs.univie.ac.at/webhook/data,20,0,0,3a9edbcb-0c9c-4c52-9001-d9614bc403b9
1603133777578,18,UC7 change price,202,HTTP/1.1 202,UC7 2-1,true,,476,0,1,5,http://swa-kovacs-vm1.cs.univie.ac.at/apigate/stores/200/stockitems/300?call_back=http://swa-gabrielkovacs.cs.univie.ac.at/webhook/data,17,0,0,30b417ca-9fa3-4ec4-b0bc-ce4aa11210c1
1603133777800,13,UC3 order products,202,HTTP/1.1 202,UC3 3-1,true,,416,0,1,5,http://swa-kovacs-vm1.cs.univie.ac.at/apigate/stores/201/orders?call_back=http://swa-gabrielkovacs.cs.univie.ac.at/webhook/data,13,0,0,0c5a9f9f-bbff-4de7-8373-d9bd1b15ebca
1603133777814,13,UC6 delivery reports,202,HTTP/1.1 202,UC6 5-1,true,,380,0,1,5,http://swa-kovacs-vm1.cs.univie.ac.at/apigate/enterprises/901/delivery-reports?call_back=http://swa-gabrielkovacs.cs.univie.ac.at/webhook/data,13,0,0,50445a49-09b4-4680-8dad-91801dbf93fe
1603133777875,14,UC4 receive order,202,HTTP/1.1 202,UC4 4-1,true,,435,0,1,5,http://swa-kovacs-vm1.cs.univie.ac.at/apigate/stores/201/orders/113?call_back=http://swa-gabrielkovacs.cs.univie.ac.at/webhook/data,14,0,0,4652e3f9-ff7b-4a01-88d4-2c6577b8e967
1603133777897,21,UC5 show stock report,202,HTTP/1.1 202,UC5 1-1,true,,381,0,1,5,http://swa-kovacs-vm1.cs.univie.ac.at/apigate/stores/200/stock-item-reports?call_back=http://swa-gabrielkovacs.cs.univie.ac.at/webhook/data,21,0,0,fb45edcf-af6c-4fe9-b733-ae9ad47ba603
1603133777898,21,UC7 change price,202,HTTP/1.1 202,UC7 2-1,true,,481,0,1,5,http://swa-kovacs-vm1.cs.univie.ac.at/apigate/stores/200/stockitems/300?call_back=http://swa-gabrielkovacs.cs.univie.ac.at/webhook/data,21,0,0,231ab8d6-c7c2-4577-9b61-20333d1e2110
1603133778114,15,UC3 order products,202,HTTP/1.1 202,UC3 3-1,true,,416,0,1,5,http://swa-kovacs-vm1.cs.univie.ac.at/apigate/stores/201/orders?call_back=http://swa-gabrielkovacs.cs.univie.ac.at/webhook/data,15,0,0,81aad1c2-b660-4732-a1e6-e701f41ef98b
1603133778128,14,UC6 delivery reports,202,HTTP/1.1 202,UC6 5-1,true,,380,0,1,5,http://swa-kovacs-vm1.cs.univie.ac.at/apigate/enterprises/901/delivery-reports?call_back=http://swa-gabrielkovacs.cs.univie.ac.at/webhook/data,14,0,0,485119ce-3b20-4584-9966-7c4768cbd178
1603133778190,14,UC4 receive order,202,HTTP/1.1 202,UC4 4-1,true,,435,0,1,5,http://swa-kovacs-vm1.cs.univie.ac.at/apigate/stores/201/orders/113?call_back=http://swa-gabrielkovacs.cs.univie.ac.at/webhook/data,13,0,0,7149b441-ac9f-4dd2-913b-227367ab6ed6
1603133778219,18,UC5 show stock report,202,HTTP/1.1 202,UC5 1-1,true,,381,0,1,5,http://swa-kovacs-vm1.cs.univie.ac.at/apigate/stores/200/stock-item-reports?call_back=http://swa-gabrielkovacs.cs.univie.ac.at/webhook/data,17,0,0,1171fe8a-ef4f-42b4-84ff-35c6bc8d3f91
1603133778220,20,UC7 change price,202,HTTP/1.1 202,UC7 2-1,true,,481,0,1,5,http://swa-kovacs-vm1.cs.univie.ac.at/apigate/stores/200/stockitems/300?call_back=http://swa-gabrielkovacs.cs.univie.ac.at/webhook/data,20,0,0,3132fb93-bc58-48be-8f17-380633fb4322
1603133778430,18,UC3 order products,202,HTTP/1.1 202,UC3 3-1,true,,416,0,1,5,http://swa-kovacs-vm1.cs.univie.ac.at/apigate/stores/201/orders?call_back=http://swa-gabrielkovacs.cs.univie.ac.at/webhook/data,16,0,0,5a2166cb-d630-4a95-83b6-b5a0cc82c20c
1603133778443,15,UC6 delivery reports,202,HTTP/1.1 202,UC6 5-1,true,,380,0,1,5,http://swa-kovacs-vm1.cs.univie.ac.at/apigate/enterprises/901/delivery-reports?call_back=http://swa-gabrielkovacs.cs.univie.ac.at/webhook/data,15,0,0,c8851d2e-7337-4555-8de4-dc23042c40aa
1603133778504,13,UC4 receive order,202,HTTP/1.1 202,UC4 4-1,true,,435,0,1,5,http://swa-kovacs-vm1.cs.univie.ac.at/apigate/stores/201/orders/113?call_back=http://swa-gabrielkovacs.cs.univie.ac.at/webhook/data,13,0,0,bc802c76-5654-48eb-8aba-fba90fe1b3b4
1603133778537,18,UC5 show stock report,202,HTTP/1.1 202,UC5 1-1,true,,381,0,1,5,http://swa-kovacs-vm1.cs.univie.ac.at/apigate/stores/200/stock-item-reports?call_back=http://swa-gabrielkovacs.cs.univie.ac.at/webhook/data,18,0,0,f76886d0-ef87-4bb5-a6fd-7f1228a6cac8
1603133778541,18,UC7 change price,202,HTTP/1.1 202,UC7 2-1,true,,481,0,1,5,http://swa-kovacs-vm1.cs.univie.ac.at/apigate/stores/200/stockitems/300?call_back=http://swa-gabrielkovacs.cs.univie.ac.at/webhook/data,17,0,0,7b042837-0b3c-407a-96ee-560aa04938ec
1603133778749,18,UC3 order products,202,HTTP/1.1 202,UC3 3-1,true,,416,0,1,5,http://swa-kovacs-vm1.cs.univie.ac.at/apigate/stores/201/orders?call_back=http://swa-gabrielkovacs.cs.univie.ac.at/webhook/data,17,0,0,fc455e85-24b0-4728-b9d7-161ba0aad994
1603133778758,17,UC6 delivery reports,202,HTTP/1.1 202,UC6 5-1,true,,380,0,1,5,http://swa-kovacs-vm1.cs.univie.ac.at/apigate/enterprises/901/delivery-reports?call_back=http://swa-gabrielkovacs.cs.univie.ac.at/webhook/data,16,0,0,580a3507-649f-46c3-8983-023ee9b9b096
1603133778818,14,UC4 receive order,202,HTTP/1.1 202,UC4 4-1,true,,435,0,1,5,http://swa-kovacs-vm1.cs.univie.ac.at/apigate/stores/201/orders/113?call_back=http://swa-gabrielkovacs.cs.univie.ac.at/webhook/data,14,0,0,a78b3ec9-8481-4778-bf24-bce16607208e
1603133778860,15,UC7 change price,202,HTTP/1.1 202,UC7 2-1,true,,481,0,1,5,http://swa-kovacs-vm1.cs.univie.ac.at/apigate/stores/200/stockitems/300?call_back=http://swa-gabrielkovacs.cs.univie.ac.at/webhook/data,14,0,0,3e11d3b4-402e-4cff-8d0f-5cc15fa5f2e7
1603133778856,18,UC5 show stock report,202,HTTP/1.1 202,UC5 1-1,true,,381,0,1,5,http://swa-kovacs-vm1.cs.univie.ac.at/apigate/stores/200/stock-item-reports?call_back=http://swa-gabrielkovacs.cs.univie.ac.at/webhook/data,17,0,0,aeab3299-797f-47b7-84b7-7b9677b3c75a
1603133779075,17,UC6 delivery reports,202,HTTP/1.1 202,UC6 5-1,true,,380,0,1,5,http://swa-kovacs-vm1.cs.univie.ac.at/apigate/enterprises/901/delivery-reports?call_back=http://swa-gabrielkovacs.cs.univie.ac.at/webhook/data,16,0,0,7dc97817-b4a5-46c7-91e8-d59663207a5f
1603133779067,25,UC3 order products,202,HTTP/1.1 202,UC3 3-1,true,,416,0,1,5,http://swa-kovacs-vm1.cs.univie.ac.at/apigate/stores/201/orders?call_back=http://swa-gabrielkovacs.cs.univie.ac.at/webhook/data,23,0,0,5f03e235-83b0-4498-8ffd-8518fcb70b77
1603133779132,14,UC4 receive order,202,HTTP/1.1 202,UC4 4-1,true,,435,0,1,5,http://swa-kovacs-vm1.cs.univie.ac.at/apigate/stores/201/orders/113?call_back=http://swa-gabrielkovacs.cs.univie.ac.at/webhook/data,14,0,0,c42e73d8-6e5e-4951-9eda-fa9393006ff6
1603133779176,14,UC5 show stock report,202,HTTP/1.1 202,UC5 1-1,true,,381,0,1,5,http://swa-kovacs-vm1.cs.univie.ac.at/apigate/stores/200/stock-item-reports?call_back=http://swa-gabrielkovacs.cs.univie.ac.at/webhook/data,13,0,0,4be2ff0a-470d-4f5f-a1fc-a960c711e53d
1603133779175,18,UC7 change price,202,HTTP/1.1 202,UC7 2-1,true,,481,0,1,5,http://swa-kovacs-vm1.cs.univie.ac.at/apigate/stores/200/stockitems/300?call_back=http://swa-gabrielkovacs.cs.univie.ac.at/webhook/data,18,0,0,d31cb522-9aa6-45a5-8f0c-da6c09feca24
1603133779393,19,UC3 order products,202,HTTP/1.1 202,UC3 3-1,true,,416,0,1,5,http://swa-kovacs-vm1.cs.univie.ac.at/apigate/stores/201/orders?call_back=http://swa-gabrielkovacs.cs.univie.ac.at/webhook/data,19,0,0,bdaa2305-4ac2-40a4-b41f-5ef5d328e256
1603133779392,22,UC6 delivery reports,202,HTTP/1.1 202,UC6 5-1,true,,380,0,1,5,http://swa-kovacs-vm1.cs.univie.ac.at/apigate/enterprises/901/delivery-reports?call_back=http://swa-gabrielkovacs.cs.univie.ac.at/webhook/data,20,0,0,d372ff75-46ab-455c-8d0f-1d57b49b4fd3
1603133779447,17,UC4 receive order,202,HTTP/1.1 202,UC4 4-1,true,,435,0,1,5,http://swa-kovacs-vm1.cs.univie.ac.at/apigate/stores/201/orders/113?call_back=http://swa-gabrielkovacs.cs.univie.ac.at/webhook/data,17,0,0,7504531b-962a-4b24-ac46-12c4a21af1b2
1603133779491,17,UC5 show stock report,202,HTTP/1.1 202,UC5 1-1,true,,381,0,1,5,http://swa-kovacs-vm1.cs.univie.ac.at/apigate/stores/200/stock-item-reports?call_back=http://swa-gabrielkovacs.cs.univie.ac.at/webhook/data,17,0,0,b03fa4e0-2843-4cec-8619-0c3630d2a3c9
1603133779494,17,UC7 change price,202,HTTP/1.1 202,UC7 2-1,true,,481,0,1,5,http://swa-kovacs-vm1.cs.univie.ac.at/apigate/stores/200/stockitems/300?call_back=http://swa-gabrielkovacs.cs.univie.ac.at/webhook/data,17,0,0,9c87f2f3-c5ef-405a-984c-7626ba837fca
1603133779713,20,UC3 order products,202,HTTP/1.1 202,UC3 3-1,true,,416,0,1,5,http://swa-kovacs-vm1.cs.univie.ac.at/apigate/stores/201/orders?call_back=http://swa-gabrielkovacs.cs.univie.ac.at/webhook/data,20,0,0,1c10912c-5c9a-45fd-adba-a40e52d11a9a
1603133779714,24,UC6 delivery reports,202,HTTP/1.1 202,UC6 5-1,true,,380,0,1,5,http://swa-kovacs-vm1.cs.univie.ac.at/apigate/enterprises/901/delivery-reports?call_back=http://swa-gabrielkovacs.cs.univie.ac.at/webhook/data,23,0,0,7fa32ae1-2eba-4214-aeab-d3998e561037
1603133779765,15,UC4 receive order,202,HTTP/1.1 202,UC4 4-1,true,,435,0,1,5,http://swa-kovacs-vm1.cs.univie.ac.at/apigate/stores/201/orders/113?call_back=http://swa-gabrielkovacs.cs.univie.ac.at/webhook/data,14,0,0,95821f0d-fc03-4762-bfe3-c72373192754
1603133779809,24,UC5 show stock report,202,HTTP/1.1 202,UC5 1-1,true,,381,0,1,5,http://swa-kovacs-vm1.cs.univie.ac.at/apigate/stores/200/stock-item-reports?call_back=http://swa-gabrielkovacs.cs.univie.ac.at/webhook/data,23,0,0,3f89f579-4882-4e3c-a215-31ccac3b60a4
1603133779812,24,UC7 change price,202,HTTP/1.1 202,UC7 2-1,true,,481,0,1,5,http://swa-kovacs-vm1.cs.univie.ac.at/apigate/stores/200/stockitems/300?call_back=http://swa-gabrielkovacs.cs.univie.ac.at/webhook/data,23,0,0,e53cbe32-ea77-4296-923c-fc0f84a037e4
1603133780038,17,UC6 delivery reports,202,HTTP/1.1 202,UC6 5-1,true,,380,0,1,5,http://swa-kovacs-vm1.cs.univie.ac.at/apigate/enterprises/901/delivery-reports?call_back=http://swa-gabrielkovacs.cs.univie.ac.at/webhook/data,17,0,0,6e8da793-3378-409b-be2a-68676f17c8c5
1603133780035,24,UC3 order products,202,HTTP/1.1 202,UC3 3-1,true,,416,0,1,5,http://swa-kovacs-vm1.cs.univie.ac.at/apigate/stores/201/orders?call_back=http://swa-gabrielkovacs.cs.univie.ac.at/webhook/data,24,0,0,7c763f45-7e77-4ef1-bff6-1a051132e648
1603133780080,17,UC4 receive order,202,HTTP/1.1 202,UC4 4-1,true,,435,0,1,5,http://swa-kovacs-vm1.cs.univie.ac.at/apigate/stores/201/orders/113?call_back=http://swa-gabrielkovacs.cs.univie.ac.at/webhook/data,16,0,0,8dac323e-2ba7-45f0-acb3-8bda269fd7a3
1603133780133,102,UC5 show stock report,202,HTTP/1.1 202,UC5 1-1,true,,381,0,1,5,http://swa-kovacs-vm1.cs.univie.ac.at/apigate/stores/200/stock-item-reports?call_back=http://swa-gabrielkovacs.cs.univie.ac.at/webhook/data,101,0,0,21d19eb2-60cd-4365-bb0c-3bf2ee615231
1603133780136,100,UC7 change price,202,HTTP/1.1 202,UC7 2-1,true,,481,0,1,5,http://swa-kovacs-vm1.cs.univie.ac.at/apigate/stores/200/stockitems/300?call_back=http://swa-gabrielkovacs.cs.univie.ac.at/webhook/data,98,0,0,a682baf4-92b1-4b53-b505-506f19860c4b
1603133780356,14,UC6 delivery reports,202,HTTP/1.1 202,UC6 5-1,true,,380,0,1,5,http://swa-kovacs-vm1.cs.univie.ac.at/apigate/enterprises/901/delivery-reports?call_back=http://swa-gabrielkovacs.cs.univie.ac.at/webhook/data,14,0,0,5a2d9362-a813-4acc-9af7-b3c126dd3d1f
1603133780360,16,UC3 order products,202,HTTP/1.1 202,UC3 3-1,true,,416,0,1,5,http://swa-kovacs-vm1.cs.univie.ac.at/apigate/stores/201/orders?call_back=http://swa-gabrielkovacs.cs.univie.ac.at/webhook/data,15,0,0,8648d819-b9b9-4130-a1bd-da778ce3771e
1603133780397,12,UC4 receive order,202,HTTP/1.1 202,UC4 4-1,true,,435,0,1,5,http://swa-kovacs-vm1.cs.univie.ac.at/apigate/stores/201/orders/113?call_back=http://swa-gabrielkovacs.cs.univie.ac.at/webhook/data,12,0,0,273478f3-f156-46ae-9c11-9d36ed75b3bd
1603133780536,19,UC7 change price,202,HTTP/1.1 202,UC7 2-1,true,,481,0,1,5,http://swa-kovacs-vm1.cs.univie.ac.at/apigate/stores/200/stockitems/300?call_back=http://swa-gabrielkovacs.cs.univie.ac.at/webhook/data,18,0,0,770a6dc7-f5ec-4cb7-b558-abe7c15c85f9
1603133780536,23,UC5 show stock report,202,HTTP/1.1 202,UC5 1-1,true,,381,0,1,5,http://swa-kovacs-vm1.cs.univie.ac.at/apigate/stores/200/stock-item-reports?call_back=http://swa-gabrielkovacs.cs.univie.ac.at/webhook/data,22,0,0,5396e873-c1f3-401b-af4a-3508ac59af21
1603133780671,17,UC6 delivery reports,202,HTTP/1.1 202,UC6 5-1,true,,380,0,1,5,http://swa-kovacs-vm1.cs.univie.ac.at/apigate/enterprises/901/delivery-reports?call_back=http://swa-gabrielkovacs.cs.univie.ac.at/webhook/data,17,0,0,b31b917b-2e49-465b-b695-fa3083c92725
1603133780676,15,UC3 order products,202,HTTP/1.1 202,UC3 3-1,true,,416,0,1,5,http://swa-kovacs-vm1.cs.univie.ac.at/apigate/stores/201/orders?call_back=http://swa-gabrielkovacs.cs.univie.ac.at/webhook/data,15,0,0,b885245a-e91d-471b-9625-4d5b069f89ab
1603133780710,13,UC4 receive order,202,HTTP/1.1 202,UC4 4-1,true,,435,0,1,5,http://swa-kovacs-vm1.cs.univie.ac.at/apigate/stores/201/orders/113?call_back=http://swa-gabrielkovacs.cs.univie.ac.at/webhook/data,13,0,0,bf545404-829d-4ed3-8d3e-a4959ea1d264
1603133780855,19,UC7 change price,202,HTTP/1.1 202,UC7 2-1,true,,481,0,1,5,http://swa-kovacs-vm1.cs.univie.ac.at/apigate/stores/200/stockitems/300?call_back=http://swa-gabrielkovacs.cs.univie.ac.at/webhook/data,18,0,0,e3a0f976-88ef-42e8-ab97-cb1d057c7896
1603133780859,22,UC5 show stock report,202,HTTP/1.1 202,UC5 1-1,true,,381,0,1,5,http://swa-kovacs-vm1.cs.univie.ac.at/apigate/stores/200/stock-item-reports?call_back=http://swa-gabrielkovacs.cs.univie.ac.at/webhook/data,22,0,0,3ad8eefa-99c3-4820-a39f-869742be7f94
1603133780989,13,UC6 delivery reports,202,HTTP/1.1 202,UC6 5-1,true,,380,0,1,5,http://swa-kovacs-vm1.cs.univie.ac.at/apigate/enterprises/901/delivery-reports?call_back=http://swa-gabrielkovacs.cs.univie.ac.at/webhook/data,13,0,0,0acf4d7e-fd79-4c98-ae5c-0b31061ef89f
1603133780991,18,UC3 order products,202,HTTP/1.1 202,UC3 3-1,true,,416,0,1,5,http://swa-kovacs-vm1.cs.univie.ac.at/apigate/stores/201/orders?call_back=http://swa-gabrielkovacs.cs.univie.ac.at/webhook/data,17,0,0,c0588b35-4f2f-4da5-b046-71bcb7416429
1603133781024,14,UC4 receive order,202,HTTP/1.1 202,UC4 4-1,true,,435,0,1,5,http://swa-kovacs-vm1.cs.univie.ac.at/apigate/stores/201/orders/113?call_back=http://swa-gabrielkovacs.cs.univie.ac.at/webhook/data,13,0,0,5c73c460-b9c9-4b0c-b585-432242682c9e
1603133781174,22,UC7 change price,202,HTTP/1.1 202,UC7 2-1,true,,481,0,1,5,http://swa-kovacs-vm1.cs.univie.ac.at/apigate/stores/200/stockitems/300?call_back=http://swa-gabrielkovacs.cs.univie.ac.at/webhook/data,21,0,0,789c584d-4a4a-4192-a164-10d9101489cf
1603133781182,18,UC5 show stock report,202,HTTP/1.1 202,UC5 1-1,true,,381,0,1,5,http://swa-kovacs-vm1.cs.univie.ac.at/apigate/stores/200/stock-item-reports?call_back=http://swa-gabrielkovacs.cs.univie.ac.at/webhook/data,18,0,0,6d989525-c905-44a4-a51f-d933f6670e58
1603133781303,17,UC6 delivery reports,202,HTTP/1.1 202,UC6 5-1,true,,380,0,1,5,http://swa-kovacs-vm1.cs.univie.ac.at/apigate/enterprises/901/delivery-reports?call_back=http://swa-gabrielkovacs.cs.univie.ac.at/webhook/data,17,0,0,22a2accd-22ef-4a29-884c-8cf1c757c8bf
1603133781309,15,UC3 order products,202,HTTP/1.1 202,UC3 3-1,true,,416,0,1,5,http://swa-kovacs-vm1.cs.univie.ac.at/apigate/stores/201/orders?call_back=http://swa-gabrielkovacs.cs.univie.ac.at/webhook/data,14,0,0,83ae89a9-04f9-49fa-9fde-ad139a0bd96c
1603133781338,13,UC4 receive order,202,HTTP/1.1 202,UC4 4-1,true,,435,0,1,5,http://swa-kovacs-vm1.cs.univie.ac.at/apigate/stores/201/orders/113?call_back=http://swa-gabrielkovacs.cs.univie.ac.at/webhook/data,13,0,0,bd11aa25-dc76-4bb5-9d05-002a4ddc34c5
1603133781497,19,UC7 change price,202,HTTP/1.1 202,UC7 2-1,true,,481,0,1,5,http://swa-kovacs-vm1.cs.univie.ac.at/apigate/stores/200/stockitems/300?call_back=http://swa-gabrielkovacs.cs.univie.ac.at/webhook/data,19,0,0,dca75052-4dbd-4d82-8348-e35d924548ea
1603133781501,19,UC5 show stock report,202,HTTP/1.1 202,UC5 1-1,true,,381,0,1,5,http://swa-kovacs-vm1.cs.univie.ac.at/apigate/stores/200/stock-item-reports?call_back=http://swa-gabrielkovacs.cs.univie.ac.at/webhook/data,18,0,0,37926328-9c85-49c1-adbb-88bfe4cfbe82
1603133781624,20,UC3 order products,202,HTTP/1.1 202,UC3 3-1,true,,416,0,1,5,http://swa-kovacs-vm1.cs.univie.ac.at/apigate/stores/201/orders?call_back=http://swa-gabrielkovacs.cs.univie.ac.at/webhook/data,20,0,0,c6d87b3a-e0ed-4d3e-8baf-29085c895325
1603133781621,27,UC6 delivery reports,202,HTTP/1.1 202,UC6 5-1,true,,380,0,1,5,http://swa-kovacs-vm1.cs.univie.ac.at/apigate/enterprises/901/delivery-reports?call_back=http://swa-gabrielkovacs.cs.univie.ac.at/webhook/data,25,0,0,79ec05ef-58b5-4eec-92c5-aea397b875bf
1603133781652,101,UC4 receive order,202,HTTP/1.1 202,UC4 4-1,true,,435,0,1,5,http://swa-kovacs-vm1.cs.univie.ac.at/apigate/stores/201/orders/113?call_back=http://swa-gabrielkovacs.cs.univie.ac.at/webhook/data,101,0,0,588cd086-a477-49f2-8e6e-5f0774e82a64
1603133781817,16,UC7 change price,202,HTTP/1.1 202,UC7 2-1,true,,481,0,1,5,http://swa-kovacs-vm1.cs.univie.ac.at/apigate/stores/200/stockitems/300?call_back=http://swa-gabrielkovacs.cs.univie.ac.at/webhook/data,16,0,0,e6f70775-3261-4078-9b6c-db377f8b8a15
1603133781820,19,UC5 show stock report,202,HTTP/1.1 202,UC5 1-1,true,,381,0,1,5,http://swa-kovacs-vm1.cs.univie.ac.at/apigate/stores/200/stock-item-reports?call_back=http://swa-gabrielkovacs.cs.univie.ac.at/webhook/data,19,0,0,aa2215b7-8617-4dd9-938f-8538c61bd5e1
1603133781948,16,UC6 delivery reports,202,HTTP/1.1 202,UC6 5-1,true,,380,0,1,5,http://swa-kovacs-vm1.cs.univie.ac.at/apigate/enterprises/901/delivery-reports?call_back=http://swa-gabrielkovacs.cs.univie.ac.at/webhook/data,16,0,0,57bd9653-04cf-4431-ab28-5eb9289eed0a
1603133781947,28,UC3 order products,202,HTTP/1.1 202,UC3 3-1,true,,416,0,1,5,http://swa-kovacs-vm1.cs.univie.ac.at/apigate/stores/201/orders?call_back=http://swa-gabrielkovacs.cs.univie.ac.at/webhook/data,28,0,0,ece4d3a9-6c0f-4e42-98c2-ec1213fca5e2
1603133782054,14,UC4 receive order,202,HTTP/1.1 202,UC4 4-1,true,,435,0,1,5,http://swa-kovacs-vm1.cs.univie.ac.at/apigate/stores/201/orders/113?call_back=http://swa-gabrielkovacs.cs.univie.ac.at/webhook/data,13,0,0,1d5437c9-bbaa-4f7b-84be-14f54477e392
1603133782140,12,UC5 show stock report,202,HTTP/1.1 202,UC5 1-1,true,,381,0,1,5,http://swa-kovacs-vm1.cs.univie.ac.at/apigate/stores/200/stock-item-reports?call_back=http://swa-gabrielkovacs.cs.univie.ac.at/webhook/data,12,0,0,f4e7206e-1723-448f-9ea1-8beaee4bd615
1603133782133,21,UC7 change price,202,HTTP/1.1 202,UC7 2-1,true,,481,0,1,5,http://swa-kovacs-vm1.cs.univie.ac.at/apigate/stores/200/stockitems/300?call_back=http://swa-gabrielkovacs.cs.univie.ac.at/webhook/data,21,0,0,f8d6e859-2176-46f1-9e83-e44014c5ad02
1603133782265,15,UC6 delivery reports,202,HTTP/1.1 202,UC6 5-1,true,,380,0,1,5,http://swa-kovacs-vm1.cs.univie.ac.at/apigate/enterprises/901/delivery-reports?call_back=http://swa-gabrielkovacs.cs.univie.ac.at/webhook/data,14,0,0,0ab7f5ac-b723-47f8-8cb0-710f2ac11a71
1603133782276,14,UC3 order products,202,HTTP/1.1 202,UC3 3-1,true,,416,0,1,5,http://swa-kovacs-vm1.cs.univie.ac.at/apigate/stores/201/orders?call_back=http://swa-gabrielkovacs.cs.univie.ac.at/webhook/data,13,0,0,8fd96280-f0bb-4ab9-a1a7-702b9bdafbd3
1603133782368,14,UC4 receive order,202,HTTP/1.1 202,UC4 4-1,true,,435,0,1,5,http://swa-kovacs-vm1.cs.univie.ac.at/apigate/stores/201/orders/113?call_back=http://swa-gabrielkovacs.cs.univie.ac.at/webhook/data,14,0,0,3839ab13-c28c-47ad-b660-1dd0391416ff
1603133782452,19,UC5 show stock report,202,HTTP/1.1 202,UC5 1-1,true,,381,0,1,5,http://swa-kovacs-vm1.cs.univie.ac.at/apigate/stores/200/stock-item-reports?call_back=http://swa-gabrielkovacs.cs.univie.ac.at/webhook/data,19,0,0,af4bf57a-bd47-464e-812f-45e1b571c3aa
1603133782454,19,UC7 change price,202,HTTP/1.1 202,UC7 2-1,true,,481,0,1,5,http://swa-kovacs-vm1.cs.univie.ac.at/apigate/stores/200/stockitems/300?call_back=http://swa-gabrielkovacs.cs.univie.ac.at/webhook/data,18,0,0,6c4fc6e6-8df5-4db5-b340-4005e5ee21fc
1603133782580,15,UC6 delivery reports,202,HTTP/1.1 202,UC6 5-1,true,,380,0,1,5,http://swa-kovacs-vm1.cs.univie.ac.at/apigate/enterprises/901/delivery-reports?call_back=http://swa-gabrielkovacs.cs.univie.ac.at/webhook/data,15,0,0,33008b14-a0d3-409c-ad45-979eb042422d
1603133782590,13,UC3 order products,202,HTTP/1.1 202,UC3 3-1,true,,416,0,1,5,http://swa-kovacs-vm1.cs.univie.ac.at/apigate/stores/201/orders?call_back=http://swa-gabrielkovacs.cs.univie.ac.at/webhook/data,13,0,0,240beead-bfa1-4588-bd40-81866c0450b4
1603133782682,15,UC4 receive order,202,HTTP/1.1 202,UC4 4-1,true,,435,0,1,5,http://swa-kovacs-vm1.cs.univie.ac.at/apigate/stores/201/orders/113?call_back=http://swa-gabrielkovacs.cs.univie.ac.at/webhook/data,14,0,0,ec4ae10c-59e9-4fbb-8c78-3e6dde08f0c6
1603133782772,19,UC5 show stock report,202,HTTP/1.1 202,UC5 1-1,true,,381,0,1,5,http://swa-kovacs-vm1.cs.univie.ac.at/apigate/stores/200/stock-item-reports?call_back=http://swa-gabrielkovacs.cs.univie.ac.at/webhook/data,18,0,0,9aee3074-031d-4bae-ad06-8b73b10e8662
1603133782773,23,UC7 change price,202,HTTP/1.1 202,UC7 2-1,true,,481,0,1,5,http://swa-kovacs-vm1.cs.univie.ac.at/apigate/stores/200/stockitems/300?call_back=http://swa-gabrielkovacs.cs.univie.ac.at/webhook/data,23,0,0,61977b5f-2f88-49c2-9cb1-06869652ce3c
1603133782896,17,UC6 delivery reports,202,HTTP/1.1 202,UC6 5-1,true,,380,0,1,5,http://swa-kovacs-vm1.cs.univie.ac.at/apigate/enterprises/901/delivery-reports?call_back=http://swa-gabrielkovacs.cs.univie.ac.at/webhook/data,16,0,0,42ddcb7e-d585-4aae-8df8-4bb26897875e
1603133782904,13,UC3 order products,202,HTTP/1.1 202,UC3 3-1,true,,416,0,1,5,http://swa-kovacs-vm1.cs.univie.ac.at/apigate/stores/201/orders?call_back=http://swa-gabrielkovacs.cs.univie.ac.at/webhook/data,12,0,0,b0473e5e-939a-47ac-a201-f4d334111af1
1603133782998,14,UC4 receive order,202,HTTP/1.1 202,UC4 4-1,true,,435,0,1,5,http://swa-kovacs-vm1.cs.univie.ac.at/apigate/stores/201/orders/113?call_back=http://swa-gabrielkovacs.cs.univie.ac.at/webhook/data,14,0,0,5a21e09d-61bb-4d2a-9521-705a5529c461
1603133783097,16,UC7 change price,202,HTTP/1.1 202,UC7 2-1,true,,481,0,1,5,http://swa-kovacs-vm1.cs.univie.ac.at/apigate/stores/200/stockitems/300?call_back=http://swa-gabrielkovacs.cs.univie.ac.at/webhook/data,16,0,0,e415d565-f157-4abd-9efb-f894777147cc
1603133783092,23,UC5 show stock report,202,HTTP/1.1 202,UC5 1-1,true,,381,0,1,5,http://swa-kovacs-vm1.cs.univie.ac.at/apigate/stores/200/stock-item-reports?call_back=http://swa-gabrielkovacs.cs.univie.ac.at/webhook/data,22,0,0,8c720aa9-8ce6-41d5-9071-b40f8f09ed62
1603133783218,19,UC3 order products,202,HTTP/1.1 202,UC3 3-1,true,,416,0,1,5,http://swa-kovacs-vm1.cs.univie.ac.at/apigate/stores/201/orders?call_back=http://swa-gabrielkovacs.cs.univie.ac.at/webhook/data,18,0,0,4b967b04-311e-4b31-8b21-98392b6ea1c4
1603133783214,26,UC6 delivery reports,202,HTTP/1.1 202,UC6 5-1,true,,380,0,1,5,http://swa-kovacs-vm1.cs.univie.ac.at/apigate/enterprises/901/delivery-reports?call_back=http://swa-gabrielkovacs.cs.univie.ac.at/webhook/data,26,0,0,d0afb380-f251-40f3-875e-fc7e16738fa5
1603133783313,14,UC4 receive order,202,HTTP/1.1 202,UC4 4-1,true,,435,0,1,5,http://swa-kovacs-vm1.cs.univie.ac.at/apigate/stores/201/orders/113?call_back=http://swa-gabrielkovacs.cs.univie.ac.at/webhook/data,14,0,0,39939619-18ac-43e3-a2db-b7ab241808ef
1603133783413,20,UC7 change price,202,HTTP/1.1 202,UC7 2-1,true,,481,0,1,5,http://swa-kovacs-vm1.cs.univie.ac.at/apigate/stores/200/stockitems/300?call_back=http://swa-gabrielkovacs.cs.univie.ac.at/webhook/data,20,0,0,bd683f4a-d601-4fc2-b45f-749802f98f96
1603133783416,26,UC5 show stock report,202,HTTP/1.1 202,UC5 1-1,true,,376,0,1,5,http://swa-kovacs-vm1.cs.univie.ac.at/apigate/stores/200/stock-item-reports?call_back=http://swa-gabrielkovacs.cs.univie.ac.at/webhook/data,25,0,0,41015c45-ddb5-4450-a26f-08e3b2d42796
1603133783537,19,UC3 order products,202,HTTP/1.1 202,UC3 3-1,true,,416,0,1,5,http://swa-kovacs-vm1.cs.univie.ac.at/apigate/stores/201/orders?call_back=http://swa-gabrielkovacs.cs.univie.ac.at/webhook/data,19,0,0,fb3cc375-decd-46e9-be7e-4733b0a99f4a
1603133783541,19,UC6 delivery reports,202,HTTP/1.1 202,UC6 5-1,true,,380,0,1,5,http://swa-kovacs-vm1.cs.univie.ac.at/apigate/enterprises/901/delivery-reports?call_back=http://swa-gabrielkovacs.cs.univie.ac.at/webhook/data,19,0,0,25253450-c1f3-4e8c-b39a-914e3d5d0dcf
1603133783628,19,UC4 receive order,202,HTTP/1.1 202,UC4 4-1,true,,435,0,1,5,http://swa-kovacs-vm1.cs.univie.ac.at/apigate/stores/201/orders/113?call_back=http://swa-gabrielkovacs.cs.univie.ac.at/webhook/data,19,0,0,b4302bff-c28e-4133-9f0e-1bcf9bbda41f
1603133783742,16,UC5 show stock report,202,HTTP/1.1 202,UC5 1-1,true,,381,0,1,5,http://swa-kovacs-vm1.cs.univie.ac.at/apigate/stores/200/stock-item-reports?call_back=http://swa-gabrielkovacs.cs.univie.ac.at/webhook/data,16,0,0,92fce439-e6ba-4258-825e-9a9c7b39429d
1603133783734,26,UC7 change price,202,HTTP/1.1 202,UC7 2-1,true,,481,0,1,5,http://swa-kovacs-vm1.cs.univie.ac.at/apigate/stores/200/stockitems/300?call_back=http://swa-gabrielkovacs.cs.univie.ac.at/webhook/data,25,0,0,051c465b-60e8-4f99-905d-64bb62aff693
1603133783860,19,UC6 delivery reports,202,HTTP/1.1 202,UC6 5-1,true,,380,0,1,5,http://swa-kovacs-vm1.cs.univie.ac.at/apigate/enterprises/901/delivery-reports?call_back=http://swa-gabrielkovacs.cs.univie.ac.at/webhook/data,19,0,0,21c4c9a7-4cf6-440f-9630-930ac89b0128
1603133783857,22,UC3 order products,202,HTTP/1.1 202,UC3 3-1,true,,416,0,1,5,http://swa-kovacs-vm1.cs.univie.ac.at/apigate/stores/201/orders?call_back=http://swa-gabrielkovacs.cs.univie.ac.at/webhook/data,20,0,0,40ca0806-0cb0-4140-aa49-61130d0f4edf
1603133783950,14,UC4 receive order,202,HTTP/1.1 202,UC4 4-1,true,,435,0,1,5,http://swa-kovacs-vm1.cs.univie.ac.at/apigate/stores/201/orders/113?call_back=http://swa-gabrielkovacs.cs.univie.ac.at/webhook/data,14,0,0,d91635dd-9869-4f82-b9c2-46b3c7c3080f
1603133784059,19,UC5 show stock report,202,HTTP/1.1 202,UC5 1-1,true,,381,0,1,5,http://swa-kovacs-vm1.cs.univie.ac.at/apigate/stores/200/stock-item-reports?call_back=http://swa-gabrielkovacs.cs.univie.ac.at/webhook/data,18,0,0,f85c04c9-57c6-4f2c-bbbd-a24348a6105f
1603133784060,19,UC7 change price,202,HTTP/1.1 202,UC7 2-1,true,,481,0,1,5,http://swa-kovacs-vm1.cs.univie.ac.at/apigate/stores/200/stockitems/300?call_back=http://swa-gabrielkovacs.cs.univie.ac.at/webhook/data,19,0,0,075c77b6-a588-4e44-8b74-c7d7ca99dd84
1603133784180,16,UC3 order products,202,HTTP/1.1 202,UC3 3-1,true,,416,0,1,5,http://swa-kovacs-vm1.cs.univie.ac.at/apigate/stores/201/orders?call_back=http://swa-gabrielkovacs.cs.univie.ac.at/webhook/data,16,0,0,35c385c5-4863-4e53-8104-62471242b737
1603133784180,23,UC6 delivery reports,202,HTTP/1.1 202,UC6 5-1,true,,380,0,1,5,http://swa-kovacs-vm1.cs.univie.ac.at/apigate/enterprises/901/delivery-reports?call_back=http://swa-gabrielkovacs.cs.univie.ac.at/webhook/data,23,0,0,1eff3c40-b0d0-4f37-9b53-8cbc933d27fa
1603133784265,16,UC4 receive order,202,HTTP/1.1 202,UC4 4-1,true,,435,0,1,5,http://swa-kovacs-vm1.cs.univie.ac.at/apigate/stores/201/orders/113?call_back=http://swa-gabrielkovacs.cs.univie.ac.at/webhook/data,14,0,0,2aac015a-bf37-4942-9fc0-45d46e6800b1
1603133784379,15,UC7 change price,202,HTTP/1.1 202,UC7 2-1,true,,481,0,1,5,http://swa-kovacs-vm1.cs.univie.ac.at/apigate/stores/200/stockitems/300?call_back=http://swa-gabrielkovacs.cs.univie.ac.at/webhook/data,14,0,0,f0a1d844-f42b-419c-9787-cb7bff16087e
1603133784379,23,UC5 show stock report,202,HTTP/1.1 202,UC5 1-1,true,,381,0,1,5,http://swa-kovacs-vm1.cs.univie.ac.at/apigate/stores/200/stock-item-reports?call_back=http://swa-gabrielkovacs.cs.univie.ac.at/webhook/data,23,0,0,400beb99-0ad3-4bd5-9bc9-09c2b75c687b
1603133784497,19,UC3 order products,202,HTTP/1.1 202,UC3 3-1,true,,416,0,1,5,http://swa-kovacs-vm1.cs.univie.ac.at/apigate/stores/201/orders?call_back=http://swa-gabrielkovacs.cs.univie.ac.at/webhook/data,19,0,0,8ebeb80b-808e-429c-b97d-ceaab9d1f68b
1603133784504,18,UC6 delivery reports,202,HTTP/1.1 202,UC6 5-1,true,,380,0,1,5,http://swa-kovacs-vm1.cs.univie.ac.at/apigate/enterprises/901/delivery-reports?call_back=http://swa-gabrielkovacs.cs.univie.ac.at/webhook/data,17,0,0,305ad4d6-673c-4941-b777-de74d1e74ade
1603133784582,14,UC4 receive order,202,HTTP/1.1 202,UC4 4-1,true,,435,0,1,5,http://swa-kovacs-vm1.cs.univie.ac.at/apigate/stores/201/orders/113?call_back=http://swa-gabrielkovacs.cs.univie.ac.at/webhook/data,14,0,0,0ef31d4e-1251-4382-b541-ed0fa7761ed5
1603133784694,22,UC7 change price,202,HTTP/1.1 202,UC7 2-1,true,,481,0,1,5,http://swa-kovacs-vm1.cs.univie.ac.at/apigate/stores/200/stockitems/300?call_back=http://swa-gabrielkovacs.cs.univie.ac.at/webhook/data,22,0,0,301274bf-ea0e-4701-b866-2f8b8a3be99d
1603133784703,18,UC5 show stock report,202,HTTP/1.1 202,UC5 1-1,true,,381,0,1,5,http://swa-kovacs-vm1.cs.univie.ac.at/apigate/stores/200/stock-item-reports?call_back=http://swa-gabrielkovacs.cs.univie.ac.at/webhook/data,17,0,0,fd692d85-8210-4872-9734-6c528c7b691d
1603133784816,17,UC3 order products,202,HTTP/1.1 202,UC3 3-1,true,,416,0,1,5,http://swa-kovacs-vm1.cs.univie.ac.at/apigate/stores/201/orders?call_back=http://swa-gabrielkovacs.cs.univie.ac.at/webhook/data,16,0,0,a0fa7fc0-e4a5-4a17-a1a3-f50aa4b01c2f
1603133784822,15,UC6 delivery reports,202,HTTP/1.1 202,UC6 5-1,true,,380,0,1,5,http://swa-kovacs-vm1.cs.univie.ac.at/apigate/enterprises/901/delivery-reports?call_back=http://swa-gabrielkovacs.cs.univie.ac.at/webhook/data,15,0,0,e9d2fd2f-2af7-4662-a14a-ea99c2fe135e
1603133784896,14,UC4 receive order,202,HTTP/1.1 202,UC4 4-1,true,,435,0,1,5,http://swa-kovacs-vm1.cs.univie.ac.at/apigate/stores/201/orders/113?call_back=http://swa-gabrielkovacs.cs.univie.ac.at/webhook/data,13,0,0,fbd1e5fc-d3b8-48c8-85d5-d77ed5871f6a
1603133785017,19,UC7 change price,202,HTTP/1.1 202,UC7 2-1,true,,481,0,1,5,http://swa-kovacs-vm1.cs.univie.ac.at/apigate/stores/200/stockitems/300?call_back=http://swa-gabrielkovacs.cs.univie.ac.at/webhook/data,19,0,0,4cfd0425-9671-4009-b71b-f909f3bd4d69
1603133785021,18,UC5 show stock report,202,HTTP/1.1 202,UC5 1-1,true,,381,0,1,5,http://swa-kovacs-vm1.cs.univie.ac.at/apigate/stores/200/stock-item-reports?call_back=http://swa-gabrielkovacs.cs.univie.ac.at/webhook/data,17,0,0,f0fc61d6-609b-44a8-9c24-7ecc4fba7d42
1603133785133,16,UC3 order products,202,HTTP/1.1 202,UC3 3-1,true,,416,0,1,5,http://swa-kovacs-vm1.cs.univie.ac.at/apigate/stores/201/orders?call_back=http://swa-gabrielkovacs.cs.univie.ac.at/webhook/data,16,0,0,eb329df5-1434-4ccd-aed0-7bb8c984c311
1603133785137,18,UC6 delivery reports,202,HTTP/1.1 202,UC6 5-1,true,,380,0,1,5,http://swa-kovacs-vm1.cs.univie.ac.at/apigate/enterprises/901/delivery-reports?call_back=http://swa-gabrielkovacs.cs.univie.ac.at/webhook/data,18,0,0,32403a7f-b53a-4ee5-a9b0-9636b3cc25fd
1603133785210,14,UC4 receive order,202,HTTP/1.1 202,UC4 4-1,true,,435,0,1,5,http://swa-kovacs-vm1.cs.univie.ac.at/apigate/stores/201/orders/113?call_back=http://swa-gabrielkovacs.cs.univie.ac.at/webhook/data,14,0,0,f85bbcd3-2e1d-4ec1-9b85-6c3d8857ec11
1603133785337,19,UC7 change price,202,HTTP/1.1 202,UC7 2-1,true,,481,0,1,5,http://swa-kovacs-vm1.cs.univie.ac.at/apigate/stores/200/stockitems/300?call_back=http://swa-gabrielkovacs.cs.univie.ac.at/webhook/data,19,0,0,da7d965e-3786-4f2f-941c-c1f25957853f
1603133785340,18,UC5 show stock report,202,HTTP/1.1 202,UC5 1-1,true,,381,0,1,5,http://swa-kovacs-vm1.cs.univie.ac.at/apigate/stores/200/stock-item-reports?call_back=http://swa-gabrielkovacs.cs.univie.ac.at/webhook/data,18,0,0,d1da2676-dd4e-4ea4-8ed9-aacf0f1d8401
1603133785450,16,UC3 order products,202,HTTP/1.1 202,UC3 3-1,true,,416,0,1,5,http://swa-kovacs-vm1.cs.univie.ac.at/apigate/stores/201/orders?call_back=http://swa-gabrielkovacs.cs.univie.ac.at/webhook/data,16,0,0,a6f0bd53-19ef-43ee-ab4a-0dffe7345d20
1603133785455,17,UC6 delivery reports,202,HTTP/1.1 202,UC6 5-1,true,,380,0,1,5,http://swa-kovacs-vm1.cs.univie.ac.at/apigate/enterprises/901/delivery-reports?call_back=http://swa-gabrielkovacs.cs.univie.ac.at/webhook/data,17,0,0,8dec018c-38ab-4efd-a408-6c9a58332143
1603133785525,13,UC4 receive order,202,HTTP/1.1 202,UC4 4-1,true,,435,0,1,5,http://swa-kovacs-vm1.cs.univie.ac.at/apigate/stores/201/orders/113?call_back=http://swa-gabrielkovacs.cs.univie.ac.at/webhook/data,13,0,0,63de5ca9-1622-49f2-885b-9c4eae265033
1603133785659,19,UC5 show stock report,202,HTTP/1.1 202,UC5 1-1,true,,381,0,1,5,http://swa-kovacs-vm1.cs.univie.ac.at/apigate/stores/200/stock-item-reports?call_back=http://swa-gabrielkovacs.cs.univie.ac.at/webhook/data,19,0,0,d66f68a4-f13a-4869-8bb8-eb87d4b30d95
1603133785657,25,UC7 change price,202,HTTP/1.1 202,UC7 2-1,true,,481,0,1,5,http://swa-kovacs-vm1.cs.univie.ac.at/apigate/stores/200/stockitems/300?call_back=http://swa-gabrielkovacs.cs.univie.ac.at/webhook/data,25,0,0,5a9ba18e-ca98-44a3-b519-e7c98d5e0574
1603133785767,20,UC3 order products,202,HTTP/1.1 202,UC3 3-1,true,,416,0,1,5,http://swa-kovacs-vm1.cs.univie.ac.at/apigate/stores/201/orders?call_back=http://swa-gabrielkovacs.cs.univie.ac.at/webhook/data,19,0,0,a9d85250-59bd-4462-a160-30f79f37bf4d
1603133785773,18,UC6 delivery reports,202,HTTP/1.1 202,UC6 5-1,true,,380,0,1,5,http://swa-kovacs-vm1.cs.univie.ac.at/apigate/enterprises/901/delivery-reports?call_back=http://swa-gabrielkovacs.cs.univie.ac.at/webhook/data,18,0,0,6ca2d6d0-3358-4577-babd-b86e2348b2a3
1603133785839,15,UC4 receive order,202,HTTP/1.1 202,UC4 4-1,true,,435,0,1,5,http://swa-kovacs-vm1.cs.univie.ac.at/apigate/stores/201/orders/113?call_back=http://swa-gabrielkovacs.cs.univie.ac.at/webhook/data,15,0,0,1caa5eb6-7bb0-44ee-a90e-504a8677ad85
1603133785982,14,UC7 change price,202,HTTP/1.1 202,UC7 2-1,true,,481,0,1,5,http://swa-kovacs-vm1.cs.univie.ac.at/apigate/stores/200/stockitems/300?call_back=http://swa-gabrielkovacs.cs.univie.ac.at/webhook/data,14,0,0,de491843-efb9-4ff2-9409-5778e6747801
1603133785979,28,UC5 show stock report,202,HTTP/1.1 202,UC5 1-1,true,,381,0,1,5,http://swa-kovacs-vm1.cs.univie.ac.at/apigate/stores/200/stock-item-reports?call_back=http://swa-gabrielkovacs.cs.univie.ac.at/webhook/data,28,0,0,708eba18-fbf3-49c1-be58-4f16e1e3a208
1603133786087,18,UC3 order products,202,HTTP/1.1 202,UC3 3-1,true,,416,0,1,5,http://swa-kovacs-vm1.cs.univie.ac.at/apigate/stores/201/orders?call_back=http://swa-gabrielkovacs.cs.univie.ac.at/webhook/data,18,0,0,d132aae7-883b-475d-b9c8-23946ad06466
1603133786091,20,UC6 delivery reports,202,HTTP/1.1 202,UC6 5-1,true,,380,0,1,5,http://swa-kovacs-vm1.cs.univie.ac.at/apigate/enterprises/901/delivery-reports?call_back=http://swa-gabrielkovacs.cs.univie.ac.at/webhook/data,19,0,0,c5a109b2-9b89-47d2-9ee5-2f46142fa377
1603133786155,13,UC4 receive order,202,HTTP/1.1 202,UC4 4-1,true,,435,0,1,5,http://swa-kovacs-vm1.cs.univie.ac.at/apigate/stores/201/orders/113?call_back=http://swa-gabrielkovacs.cs.univie.ac.at/webhook/data,13,0,0,18af7317-9dbc-48aa-a90c-ab5f53d9614a
1603133786297,16,UC7 change price,202,HTTP/1.1 202,UC7 2-1,true,,481,0,1,5,http://swa-kovacs-vm1.cs.univie.ac.at/apigate/stores/200/stockitems/300?call_back=http://swa-gabrielkovacs.cs.univie.ac.at/webhook/data,16,0,0,21d4031e-fa81-4db4-8753-4381a937c5ff
1603133786307,17,UC5 show stock report,202,HTTP/1.1 202,UC5 1-1,true,,381,0,1,5,http://swa-kovacs-vm1.cs.univie.ac.at/apigate/stores/200/stock-item-reports?call_back=http://swa-gabrielkovacs.cs.univie.ac.at/webhook/data,17,0,0,5a637c72-3f0a-4537-b5de-bf93346a4ad7
1603133786406,20,UC3 order products,202,HTTP/1.1 202,UC3 3-1,true,,416,0,1,5,http://swa-kovacs-vm1.cs.univie.ac.at/apigate/stores/201/orders?call_back=http://swa-gabrielkovacs.cs.univie.ac.at/webhook/data,19,0,0,71797c64-875d-42ea-8f2a-c50bfb50e54f
1603133786411,19,UC6 delivery reports,202,HTTP/1.1 202,UC6 5-1,true,,380,0,1,5,http://swa-kovacs-vm1.cs.univie.ac.at/apigate/enterprises/901/delivery-reports?call_back=http://swa-gabrielkovacs.cs.univie.ac.at/webhook/data,19,0,0,05fa5c35-fc8a-4006-b93c-874550aa0de7
1603133786469,14,UC4 receive order,202,HTTP/1.1 202,UC4 4-1,true,,435,0,1,5,http://swa-kovacs-vm1.cs.univie.ac.at/apigate/stores/201/orders/113?call_back=http://swa-gabrielkovacs.cs.univie.ac.at/webhook/data,13,0,0,f6d028ce-8390-49d1-b9d4-e9d31fe981da
1603133786614,17,UC7 change price,202,HTTP/1.1 202,UC7 2-1,true,,481,0,1,5,http://swa-kovacs-vm1.cs.univie.ac.at/apigate/stores/200/stockitems/300?call_back=http://swa-gabrielkovacs.cs.univie.ac.at/webhook/data,16,0,0,62c3f0dc-e9a0-468d-a17d-85390655777c
1603133786625,16,UC5 show stock report,202,HTTP/1.1 202,UC5 1-1,true,,381,0,1,5,http://swa-kovacs-vm1.cs.univie.ac.at/apigate/stores/200/stock-item-reports?call_back=http://swa-gabrielkovacs.cs.univie.ac.at/webhook/data,16,0,0,c889f877-be6a-4550-a4df-83b593955cc3
1603133786726,20,UC3 order products,202,HTTP/1.1 202,UC3 3-1,true,,416,0,1,5,http://swa-kovacs-vm1.cs.univie.ac.at/apigate/stores/201/orders?call_back=http://swa-gabrielkovacs.cs.univie.ac.at/webhook/data,19,0,0,2438f9fc-7148-4da3-9c91-8f9686f0a14f
1603133786730,19,UC6 delivery reports,202,HTTP/1.1 202,UC6 5-1,true,,380,0,1,5,http://swa-kovacs-vm1.cs.univie.ac.at/apigate/enterprises/901/delivery-reports?call_back=http://swa-gabrielkovacs.cs.univie.ac.at/webhook/data,18,0,0,1b367c59-24a9-4e10-9119-fa25cb024fd5
1603133786783,14,UC4 receive order,202,HTTP/1.1 202,UC4 4-1,true,,435,0,1,5,http://swa-kovacs-vm1.cs.univie.ac.at/apigate/stores/201/orders/113?call_back=http://swa-gabrielkovacs.cs.univie.ac.at/webhook/data,13,0,0,6ad428c1-c437-48e6-a3b4-87638e592a50
1603133786932,18,UC7 change price,202,HTTP/1.1 202,UC7 2-1,true,,481,0,1,5,http://swa-kovacs-vm1.cs.univie.ac.at/apigate/stores/200/stockitems/300?call_back=http://swa-gabrielkovacs.cs.univie.ac.at/webhook/data,18,0,0,1b7faef6-23ae-47c1-aa4f-aba14f67c0fe
1603133786942,18,UC5 show stock report,202,HTTP/1.1 202,UC5 1-1,true,,381,0,1,5,http://swa-kovacs-vm1.cs.univie.ac.at/apigate/stores/200/stock-item-reports?call_back=http://swa-gabrielkovacs.cs.univie.ac.at/webhook/data,18,0,0,cd082265-4c57-4c84-88f0-0b7f716a101b
1603133787049,16,UC6 delivery reports,202,HTTP/1.1 202,UC6 5-1,true,,380,0,1,5,http://swa-kovacs-vm1.cs.univie.ac.at/apigate/enterprises/901/delivery-reports?call_back=http://swa-gabrielkovacs.cs.univie.ac.at/webhook/data,16,0,0,97bbd0d1-c5f7-4194-8ee3-6cfb73f646bd
1603133787047,21,UC3 order products,202,HTTP/1.1 202,UC3 3-1,true,,416,0,1,5,http://swa-kovacs-vm1.cs.univie.ac.at/apigate/stores/201/orders?call_back=http://swa-gabrielkovacs.cs.univie.ac.at/webhook/data,21,0,0,6fe05d72-98f1-46f1-9538-15b071f51e34
1603133787097,13,UC4 receive order,202,HTTP/1.1 202,UC4 4-1,true,,435,0,1,5,http://swa-kovacs-vm1.cs.univie.ac.at/apigate/stores/201/orders/113?call_back=http://swa-gabrielkovacs.cs.univie.ac.at/webhook/data,13,0,0,77ec08a2-50a7-4adb-adae-0193bd0c1237
1603133787251,22,UC7 change price,202,HTTP/1.1 202,UC7 2-1,true,,481,0,1,5,http://swa-kovacs-vm1.cs.univie.ac.at/apigate/stores/200/stockitems/300?call_back=http://swa-gabrielkovacs.cs.univie.ac.at/webhook/data,21,0,0,3ba67fb6-c0be-4410-a76a-0e11d4c4fca5
1603133787261,20,UC5 show stock report,202,HTTP/1.1 202,UC5 1-1,true,,381,0,1,5,http://swa-kovacs-vm1.cs.univie.ac.at/apigate/stores/200/stock-item-reports?call_back=http://swa-gabrielkovacs.cs.univie.ac.at/webhook/data,20,0,0,faf84614-654f-436e-bebc-13542f1db902
1603133787365,20,UC6 delivery reports,202,HTTP/1.1 202,UC6 5-1,true,,380,0,1,5,http://swa-kovacs-vm1.cs.univie.ac.at/apigate/enterprises/901/delivery-reports?call_back=http://swa-gabrielkovacs.cs.univie.ac.at/webhook/data,20,0,0,dced15dc-4793-4c1d-8e15-719db50b43fd
1603133787369,21,UC3 order products,202,HTTP/1.1 202,UC3 3-1,true,,416,0,1,5,http://swa-kovacs-vm1.cs.univie.ac.at/apigate/stores/201/orders?call_back=http://swa-gabrielkovacs.cs.univie.ac.at/webhook/data,20,0,0,5bc118c9-76cd-475a-83ac-121afb43b6e3
1603133787411,13,UC4 receive order,202,HTTP/1.1 202,UC4 4-1,true,,435,0,1,5,http://swa-kovacs-vm1.cs.univie.ac.at/apigate/stores/201/orders/113?call_back=http://swa-gabrielkovacs.cs.univie.ac.at/webhook/data,13,0,0,bfcb5a2f-4e71-4de6-8b7d-4d8a16a9b82e
1603133787573,26,UC7 change price,202,HTTP/1.1 202,UC7 2-1,true,,481,0,1,5,http://swa-kovacs-vm1.cs.univie.ac.at/apigate/stores/200/stockitems/300?call_back=http://swa-gabrielkovacs.cs.univie.ac.at/webhook/data,26,0,0,1e6d4407-9812-49fb-91e2-fd5b81695a25
1603133787582,21,UC5 show stock report,202,HTTP/1.1 202,UC5 1-1,true,,381,0,1,5,http://swa-kovacs-vm1.cs.univie.ac.at/apigate/stores/200/stock-item-reports?call_back=http://swa-gabrielkovacs.cs.univie.ac.at/webhook/data,21,0,0,5e1b82e6-497c-413f-80c4-08889b6b8dfd
1603133787691,15,UC3 order products,202,HTTP/1.1 202,UC3 3-1,true,,416,0,1,5,http://swa-kovacs-vm1.cs.univie.ac.at/apigate/stores/201/orders?call_back=http://swa-gabrielkovacs.cs.univie.ac.at/webhook/data,15,0,0,836307d8-11b0-479d-ad13-8ed6edfad126
1603133787686,21,UC6 delivery reports,202,HTTP/1.1 202,UC6 5-1,true,,380,0,1,5,http://swa-kovacs-vm1.cs.univie.ac.at/apigate/enterprises/901/delivery-reports?call_back=http://swa-gabrielkovacs.cs.univie.ac.at/webhook/data,21,0,0,42e31e1c-8716-4fac-99d8-2b227c050754
1603133787724,14,UC4 receive order,202,HTTP/1.1 202,UC4 4-1,true,,435,0,1,5,http://swa-kovacs-vm1.cs.univie.ac.at/apigate/stores/201/orders/113?call_back=http://swa-gabrielkovacs.cs.univie.ac.at/webhook/data,14,0,0,d6135cad-97de-4abd-8297-a2214329dcc3
1603133787900,16,UC7 change price,202,HTTP/1.1 202,UC7 2-1,true,,481,0,1,5,http://swa-kovacs-vm1.cs.univie.ac.at/apigate/stores/200/stockitems/300?call_back=http://swa-gabrielkovacs.cs.univie.ac.at/webhook/data,16,0,0,d200390d-b53b-4f65-8bac-f7d0e0dfbc79
1603133787903,22,UC5 show stock report,202,HTTP/1.1 202,UC5 1-1,true,,381,0,1,5,http://swa-kovacs-vm1.cs.univie.ac.at/apigate/stores/200/stock-item-reports?call_back=http://swa-gabrielkovacs.cs.univie.ac.at/webhook/data,21,0,0,57529575-e072-4c89-9bcc-630780ff5263
1603133788007,19,UC3 order products,202,HTTP/1.1 202,UC3 3-1,true,,416,0,1,5,http://swa-kovacs-vm1.cs.univie.ac.at/apigate/stores/201/orders?call_back=http://swa-gabrielkovacs.cs.univie.ac.at/webhook/data,19,0,0,fb8e57a3-5b18-4f29-9cb6-074adbe5f164
1603133788008,20,UC6 delivery reports,202,HTTP/1.1 202,UC6 5-1,true,,380,0,1,5,http://swa-kovacs-vm1.cs.univie.ac.at/apigate/enterprises/901/delivery-reports?call_back=http://swa-gabrielkovacs.cs.univie.ac.at/webhook/data,19,0,0,1d3a3877-7a9c-4aa5-82fe-ec77f9bd86b9
1603133788039,14,UC4 receive order,202,HTTP/1.1 202,UC4 4-1,true,,435,0,1,5,http://swa-kovacs-vm1.cs.univie.ac.at/apigate/stores/201/orders/113?call_back=http://swa-gabrielkovacs.cs.univie.ac.at/webhook/data,13,0,0,f6e0baaa-6270-4edb-a74f-b86ec5da80f1
1603133788217,20,UC7 change price,202,HTTP/1.1 202,UC7 2-1,true,,481,0,1,5,http://swa-kovacs-vm1.cs.univie.ac.at/apigate/stores/200/stockitems/300?call_back=http://swa-gabrielkovacs.cs.univie.ac.at/webhook/data,19,0,0,028ddafd-5469-419e-8898-a87af935ff0f
1603133788225,19,UC5 show stock report,202,HTTP/1.1 202,UC5 1-1,true,,381,0,1,5,http://swa-kovacs-vm1.cs.univie.ac.at/apigate/stores/200/stock-item-reports?call_back=http://swa-gabrielkovacs.cs.univie.ac.at/webhook/data,19,0,0,58055d38-acae-47dd-808f-33c4fe90678f
1603133788327,19,UC3 order products,202,HTTP/1.1 202,UC3 3-1,true,,416,0,1,5,http://swa-kovacs-vm1.cs.univie.ac.at/apigate/stores/201/orders?call_back=http://swa-gabrielkovacs.cs.univie.ac.at/webhook/data,18,0,0,ec18eca0-c138-4ac3-996f-f01f86b34d21
1603133788328,19,UC6 delivery reports,202,HTTP/1.1 202,UC6 5-1,true,,380,0,1,5,http://swa-kovacs-vm1.cs.univie.ac.at/apigate/enterprises/901/delivery-reports?call_back=http://swa-gabrielkovacs.cs.univie.ac.at/webhook/data,19,0,0,d9b1afd6-943c-4543-8f58-a63df6f410df
1603133788353,16,UC4 receive order,202,HTTP/1.1 202,UC4 4-1,true,,435,0,1,5,http://swa-kovacs-vm1.cs.univie.ac.at/apigate/stores/201/orders/113?call_back=http://swa-gabrielkovacs.cs.univie.ac.at/webhook/data,16,0,0,f26f8dbc-2689-4de3-8f21-bc44444e1647
1603133788537,21,UC7 change price,202,HTTP/1.1 202,UC7 2-1,true,,481,0,1,5,http://swa-kovacs-vm1.cs.univie.ac.at/apigate/stores/200/stockitems/300?call_back=http://swa-gabrielkovacs.cs.univie.ac.at/webhook/data,20,0,0,1999158d-a60e-4d5f-8edc-44725e1dc745
1603133788544,20,UC5 show stock report,202,HTTP/1.1 202,UC5 1-1,true,,381,0,1,5,http://swa-kovacs-vm1.cs.univie.ac.at/apigate/stores/200/stock-item-reports?call_back=http://swa-gabrielkovacs.cs.univie.ac.at/webhook/data,20,0,0,5fadc5f0-e55e-4691-a4a5-c949d15dace5
1603133788646,19,UC3 order products,202,HTTP/1.1 202,UC3 3-1,true,,416,0,1,5,http://swa-kovacs-vm1.cs.univie.ac.at/apigate/stores/201/orders?call_back=http://swa-gabrielkovacs.cs.univie.ac.at/webhook/data,19,0,0,7f92103f-2af2-4935-a953-a91e6d337879
1603133788648,21,UC6 delivery reports,202,HTTP/1.1 202,UC6 5-1,true,,380,0,1,5,http://swa-kovacs-vm1.cs.univie.ac.at/apigate/enterprises/901/delivery-reports?call_back=http://swa-gabrielkovacs.cs.univie.ac.at/webhook/data,21,0,0,0b870d2c-2f35-4ed7-b637-a4f1c44478c1
1603133788670,20,UC4 receive order,202,HTTP/1.1 202,UC4 4-1,true,,435,0,1,5,http://swa-kovacs-vm1.cs.univie.ac.at/apigate/stores/201/orders/113?call_back=http://swa-gabrielkovacs.cs.univie.ac.at/webhook/data,20,0,0,6a30a528-1944-4bdc-887c-104d60223955
1603133788864,14,UC5 show stock report,202,HTTP/1.1 202,UC5 1-1,true,,381,0,1,5,http://swa-kovacs-vm1.cs.univie.ac.at/apigate/stores/200/stock-item-reports?call_back=http://swa-gabrielkovacs.cs.univie.ac.at/webhook/data,14,0,0,7d8ae937-f837-42cf-811f-305112b8eb04
1603133788858,24,UC7 change price,202,HTTP/1.1 202,UC7 2-1,true,,481,0,1,5,http://swa-kovacs-vm1.cs.univie.ac.at/apigate/stores/200/stockitems/300?call_back=http://swa-gabrielkovacs.cs.univie.ac.at/webhook/data,23,0,0,373542a3-163a-4d1f-8a0b-70a75b6f87d2
1603133788966,16,UC3 order products,202,HTTP/1.1 202,UC3 3-1,true,,416,0,1,5,http://swa-kovacs-vm1.cs.univie.ac.at/apigate/stores/201/orders?call_back=http://swa-gabrielkovacs.cs.univie.ac.at/webhook/data,15,0,0,4d47e9a5-d43a-4020-acc1-7af85d1eb70c
1603133788970,19,UC6 delivery reports,202,HTTP/1.1 202,UC6 5-1,true,,375,0,1,5,http://swa-kovacs-vm1.cs.univie.ac.at/apigate/enterprises/901/delivery-reports?call_back=http://swa-gabrielkovacs.cs.univie.ac.at/webhook/data,18,0,0,d7d642f3-50f9-4274-b4c5-3a15caa70e4e
1603133788991,12,UC4 receive order,202,HTTP/1.1 202,UC4 4-1,true,,435,0,1,5,http://swa-kovacs-vm1.cs.univie.ac.at/apigate/stores/201/orders/113?call_back=http://swa-gabrielkovacs.cs.univie.ac.at/webhook/data,12,0,0,6f93c346-581e-46cf-a59a-867f0cfc0b99
1603133789179,22,UC5 show stock report,202,HTTP/1.1 202,UC5 1-1,true,,381,0,1,5,http://swa-kovacs-vm1.cs.univie.ac.at/apigate/stores/200/stock-item-reports?call_back=http://swa-gabrielkovacs.cs.univie.ac.at/webhook/data,22,0,0,2e5c36ab-7b06-4afe-a490-117acf872c4b
1603133789182,20,UC7 change price,202,HTTP/1.1 202,UC7 2-1,true,,481,0,1,5,http://swa-kovacs-vm1.cs.univie.ac.at/apigate/stores/200/stockitems/300?call_back=http://swa-gabrielkovacs.cs.univie.ac.at/webhook/data,19,0,0,50e26f79-3b1d-4cb0-bbdf-e65cf9492802
1603133789283,21,UC3 order products,202,HTTP/1.1 202,UC3 3-1,true,,416,0,1,5,http://swa-kovacs-vm1.cs.univie.ac.at/apigate/stores/201/orders?call_back=http://swa-gabrielkovacs.cs.univie.ac.at/webhook/data,19,0,0,3bd64088-5140-4517-a007-9f76f5608f41
1603133789289,21,UC6 delivery reports,202,HTTP/1.1 202,UC6 5-1,true,,380,0,1,5,http://swa-kovacs-vm1.cs.univie.ac.at/apigate/enterprises/901/delivery-reports?call_back=http://swa-gabrielkovacs.cs.univie.ac.at/webhook/data,20,0,0,a77719da-fe57-46f2-ba1b-8d83a1d4ea4c
1603133789303,16,UC4 receive order,202,HTTP/1.1 202,UC4 4-1,true,,435,0,1,5,http://swa-kovacs-vm1.cs.univie.ac.at/apigate/stores/201/orders/113?call_back=http://swa-gabrielkovacs.cs.univie.ac.at/webhook/data,15,0,0,12bcb9c8-d605-41ab-b809-b50ceacd6d7b
1603133789502,21,UC7 change price,202,HTTP/1.1 202,UC7 2-1,true,,481,0,1,5,http://swa-kovacs-vm1.cs.univie.ac.at/apigate/stores/200/stockitems/300?call_back=http://swa-gabrielkovacs.cs.univie.ac.at/webhook/data,21,0,0,3d900665-2673-4d29-b216-29c9b9bb4088
1603133789502,24,UC5 show stock report,202,HTTP/1.1 202,UC5 1-1,true,,381,0,1,5,http://swa-kovacs-vm1.cs.univie.ac.at/apigate/stores/200/stock-item-reports?call_back=http://swa-gabrielkovacs.cs.univie.ac.at/webhook/data,23,0,0,480d1a12-e0d7-4cb9-994e-dc9b9806e7e1
1603133789605,18,UC3 order products,202,HTTP/1.1 202,UC3 3-1,true,,416,0,1,5,http://swa-kovacs-vm1.cs.univie.ac.at/apigate/stores/201/orders?call_back=http://swa-gabrielkovacs.cs.univie.ac.at/webhook/data,17,0,0,fef79e7a-c488-48f4-82d6-c88a2f8978d1
1603133789610,17,UC6 delivery reports,202,HTTP/1.1 202,UC6 5-1,true,,380,0,1,5,http://swa-kovacs-vm1.cs.univie.ac.at/apigate/enterprises/901/delivery-reports?call_back=http://swa-gabrielkovacs.cs.univie.ac.at/webhook/data,17,0,0,a69e23bf-887c-448b-bc66-b2f7bb7c75ef
1603133789620,16,UC4 receive order,202,HTTP/1.1 202,UC4 4-1,true,,435,0,1,5,http://swa-kovacs-vm1.cs.univie.ac.at/apigate/stores/201/orders/113?call_back=http://swa-gabrielkovacs.cs.univie.ac.at/webhook/data,16,0,0,ddf8571d-eba9-458d-8665-010b2437cbc6
1603133789826,19,UC5 show stock report,202,HTTP/1.1 202,UC5 1-1,true,,381,0,1,5,http://swa-kovacs-vm1.cs.univie.ac.at/apigate/stores/200/stock-item-reports?call_back=http://swa-gabrielkovacs.cs.univie.ac.at/webhook/data,19,0,0,b3616225-29bf-4163-99a4-151e69feadb3
1603133789824,27,UC7 change price,202,HTTP/1.1 202,UC7 2-1,true,,481,0,1,5,http://swa-kovacs-vm1.cs.univie.ac.at/apigate/stores/200/stockitems/300?call_back=http://swa-gabrielkovacs.cs.univie.ac.at/webhook/data,26,0,0,d8a43dad-a564-4a7d-8a38-1d897e43956c
1603133789924,25,UC3 order products,202,HTTP/1.1 202,UC3 3-1,true,,416,0,1,5,http://swa-kovacs-vm1.cs.univie.ac.at/apigate/stores/201/orders?call_back=http://swa-gabrielkovacs.cs.univie.ac.at/webhook/data,24,0,0,d4ac00fa-0220-4790-b45b-999a10e508d6
1603133789927,24,UC6 delivery reports,202,HTTP/1.1 202,UC6 5-1,true,,380,0,1,5,http://swa-kovacs-vm1.cs.univie.ac.at/apigate/enterprises/901/delivery-reports?call_back=http://swa-gabrielkovacs.cs.univie.ac.at/webhook/data,23,0,0,b5b3c52d-98c0-45c0-9b16-2867e66520a8
1603133789937,20,UC4 receive order,202,HTTP/1.1 202,UC4 4-1,true,,435,0,1,5,http://swa-kovacs-vm1.cs.univie.ac.at/apigate/stores/201/orders/113?call_back=http://swa-gabrielkovacs.cs.univie.ac.at/webhook/data,19,0,0,70aed209-200a-4bf0-8e5f-ed0d5839bf2b
1603133790146,22,UC5 show stock report,202,HTTP/1.1 202,UC5 1-1,true,,381,0,1,5,http://swa-kovacs-vm1.cs.univie.ac.at/apigate/stores/200/stock-item-reports?call_back=http://swa-gabrielkovacs.cs.univie.ac.at/webhook/data,20,0,0,b38d4538-bdee-478d-a6e7-8f03f4fcf393
1603133790152,20,UC7 change price,202,HTTP/1.1 202,UC7 2-1,true,,481,0,1,5,http://swa-kovacs-vm1.cs.univie.ac.at/apigate/stores/200/stockitems/300?call_back=http://swa-gabrielkovacs.cs.univie.ac.at/webhook/data,20,0,0,dcd786fe-853a-4a4e-bdf1-d073c8e90e7f
1603133790250,19,UC3 order products,202,HTTP/1.1 202,UC3 3-1,true,,416,0,1,5,http://swa-kovacs-vm1.cs.univie.ac.at/apigate/stores/201/orders?call_back=http://swa-gabrielkovacs.cs.univie.ac.at/webhook/data,18,0,0,ca8bc8b8-cd03-4e72-89d6-9380ceea8766
1603133790251,22,UC6 delivery reports,202,HTTP/1.1 202,UC6 5-1,true,,380,0,1,5,http://swa-kovacs-vm1.cs.univie.ac.at/apigate/enterprises/901/delivery-reports?call_back=http://swa-gabrielkovacs.cs.univie.ac.at/webhook/data,22,0,0,e95066c9-d07a-4410-9c2d-6427183a74a3
1603133790257,26,UC4 receive order,202,HTTP/1.1 202,UC4 4-1,true,,435,0,1,5,http://swa-kovacs-vm1.cs.univie.ac.at/apigate/stores/201/orders/113?call_back=http://swa-gabrielkovacs.cs.univie.ac.at/webhook/data,25,0,0,0383b47b-f3a7-48dc-b31e-2121e0e469b5
1603133790472,17,UC5 show stock report,202,HTTP/1.1 202,UC5 1-1,true,,381,0,1,5,http://swa-kovacs-vm1.cs.univie.ac.at/apigate/stores/200/stock-item-reports?call_back=http://swa-gabrielkovacs.cs.univie.ac.at/webhook/data,17,0,0,d9518c96-910b-48ed-81e8-d24dc3928ddc
1603133790473,24,UC7 change price,202,HTTP/1.1 202,UC7 2-1,true,,481,0,1,5,http://swa-kovacs-vm1.cs.univie.ac.at/apigate/stores/200/stockitems/300?call_back=http://swa-gabrielkovacs.cs.univie.ac.at/webhook/data,23,0,0,0ff76d16-08e6-4899-bb28-67bff4924e9e
1603133790570,19,UC3 order products,202,HTTP/1.1 202,UC3 3-1,true,,416,0,1,5,http://swa-kovacs-vm1.cs.univie.ac.at/apigate/stores/201/orders?call_back=http://swa-gabrielkovacs.cs.univie.ac.at/webhook/data,19,0,0,1aff5d7c-3a03-40e5-8db9-b429b8744731
1603133790574,22,UC6 delivery reports,202,HTTP/1.1 202,UC6 5-1,true,,380,0,1,5,http://swa-kovacs-vm1.cs.univie.ac.at/apigate/enterprises/901/delivery-reports?call_back=http://swa-gabrielkovacs.cs.univie.ac.at/webhook/data,21,0,0,081b628a-7740-4730-a2fb-2367f5066116
1603133790584,17,UC4 receive order,202,HTTP/1.1 202,UC4 4-1,true,,435,0,1,5,http://swa-kovacs-vm1.cs.univie.ac.at/apigate/stores/201/orders/113?call_back=http://swa-gabrielkovacs.cs.univie.ac.at/webhook/data,16,0,0,677646ed-5da3-4e2b-b06f-01b5748c9007
1603133790790,16,UC5 show stock report,202,HTTP/1.1 202,UC5 1-1,true,,381,0,1,5,http://swa-kovacs-vm1.cs.univie.ac.at/apigate/stores/200/stock-item-reports?call_back=http://swa-gabrielkovacs.cs.univie.ac.at/webhook/data,16,0,0,b75f5b15-bfd5-4754-9ed3-05894654c9c9
1603133790798,20,UC7 change price,202,HTTP/1.1 202,UC7 2-1,true,,481,0,1,5,http://swa-kovacs-vm1.cs.univie.ac.at/apigate/stores/200/stockitems/300?call_back=http://swa-gabrielkovacs.cs.univie.ac.at/webhook/data,19,0,0,b35baa08-fef7-4a17-8b98-8900ce61c490
1603133790896,16,UC6 delivery reports,202,HTTP/1.1 202,UC6 5-1,true,,380,0,1,5,http://swa-kovacs-vm1.cs.univie.ac.at/apigate/enterprises/901/delivery-reports?call_back=http://swa-gabrielkovacs.cs.univie.ac.at/webhook/data,16,0,0,b27a9420-ebe7-4788-9057-b6a43cee5415
1603133790901,20,UC4 receive order,202,HTTP/1.1 202,UC4 4-1,true,,435,0,1,5,http://swa-kovacs-vm1.cs.univie.ac.at/apigate/stores/201/orders/113?call_back=http://swa-gabrielkovacs.cs.univie.ac.at/webhook/data,19,0,0,f42d90de-0695-405d-9f61-8bdf49626b69
1603133790890,31,UC3 order products,202,HTTP/1.1 202,UC3 3-1,true,,416,0,1,5,http://swa-kovacs-vm1.cs.univie.ac.at/apigate/stores/201/orders?call_back=http://swa-gabrielkovacs.cs.univie.ac.at/webhook/data,31,0,0,5a7334a7-d655-41fc-82fa-d19991c4f794
1603133791106,24,UC5 show stock report,202,HTTP/1.1 202,UC5 1-1,true,,381,0,1,5,http://swa-kovacs-vm1.cs.univie.ac.at/apigate/stores/200/stock-item-reports?call_back=http://swa-gabrielkovacs.cs.univie.ac.at/webhook/data,24,0,0,66f0709d-6ab6-456c-814e-420ca0e3d757
1603133791118,20,UC7 change price,202,HTTP/1.1 202,UC7 2-1,true,,481,0,1,5,http://swa-kovacs-vm1.cs.univie.ac.at/apigate/stores/200/stockitems/300?call_back=http://swa-gabrielkovacs.cs.univie.ac.at/webhook/data,18,0,0,158c3ba0-0735-4723-9a16-80e0a02ff160
1603133791213,22,UC6 delivery reports,202,HTTP/1.1 202,UC6 5-1,true,,380,0,1,5,http://swa-kovacs-vm1.cs.univie.ac.at/apigate/enterprises/901/delivery-reports?call_back=http://swa-gabrielkovacs.cs.univie.ac.at/webhook/data,21,0,0,402dd679-323a-491c-877a-057256ca38b9
1603133791221,29,UC4 receive order,202,HTTP/1.1 202,UC4 4-1,true,,435,0,1,5,http://swa-kovacs-vm1.cs.univie.ac.at/apigate/stores/201/orders/113?call_back=http://swa-gabrielkovacs.cs.univie.ac.at/webhook/data,27,0,0,f7d2feaf-ad81-42d2-9f43-e2b449983d7b
1603133791222,30,UC3 order products,202,HTTP/1.1 202,UC3 3-1,true,,416,0,1,5,http://swa-kovacs-vm1.cs.univie.ac.at/apigate/stores/201/orders?call_back=http://swa-gabrielkovacs.cs.univie.ac.at/webhook/data,30,0,0,b6a1a4fd-ba5e-4ce7-ab0f-949227335e84
1603133791431,19,UC5 show stock report,202,HTTP/1.1 202,UC5 1-1,true,,381,0,1,5,http://swa-kovacs-vm1.cs.univie.ac.at/apigate/stores/200/stock-item-reports?call_back=http://swa-gabrielkovacs.cs.univie.ac.at/webhook/data,19,0,0,af77e39f-8012-4ea9-a28a-b55dd93229af
1603133791438,23,UC7 change price,202,HTTP/1.1 202,UC7 2-1,true,,481,0,1,5,http://swa-kovacs-vm1.cs.univie.ac.at/apigate/stores/200/stockitems/300?call_back=http://swa-gabrielkovacs.cs.univie.ac.at/webhook/data,22,0,0,dd2f5db0-09d3-4a76-a146-54577339c50a
1603133791535,16,UC6 delivery reports,202,HTTP/1.1 202,UC6 5-1,true,,380,0,1,5,http://swa-kovacs-vm1.cs.univie.ac.at/apigate/enterprises/901/delivery-reports?call_back=http://swa-gabrielkovacs.cs.univie.ac.at/webhook/data,16,0,0,fafc0b91-585d-4dd2-9e00-56e8849b835e
1603133791551,19,UC4 receive order,202,HTTP/1.1 202,UC4 4-1,true,,435,0,1,5,http://swa-kovacs-vm1.cs.univie.ac.at/apigate/stores/201/orders/113?call_back=http://swa-gabrielkovacs.cs.univie.ac.at/webhook/data,18,0,0,c22caece-5f2a-4606-96ed-bc97a313a371
1603133791553,18,UC3 order products,202,HTTP/1.1 202,UC3 3-1,true,,416,0,1,5,http://swa-kovacs-vm1.cs.univie.ac.at/apigate/stores/201/orders?call_back=http://swa-gabrielkovacs.cs.univie.ac.at/webhook/data,17,0,0,fa62bed4-a058-4a49-ac26-bb0c60ff7aaf
1603133791751,28,UC5 show stock report,202,HTTP/1.1 202,UC5 1-1,true,,381,0,1,5,http://swa-kovacs-vm1.cs.univie.ac.at/apigate/stores/200/stock-item-reports?call_back=http://swa-gabrielkovacs.cs.univie.ac.at/webhook/data,28,0,0,0963354b-1458-4abc-803a-e55ce95137cd
1603133791762,20,UC7 change price,202,HTTP/1.1 202,UC7 2-1,true,,481,0,1,5,http://swa-kovacs-vm1.cs.univie.ac.at/apigate/stores/200/stockitems/300?call_back=http://swa-gabrielkovacs.cs.univie.ac.at/webhook/data,19,0,0,b5d1a4b1-e138-4caa-92f1-69c649501aeb
1603133791852,15,UC6 delivery reports,202,HTTP/1.1 202,UC6 5-1,true,,380,0,1,5,http://swa-kovacs-vm1.cs.univie.ac.at/apigate/enterprises/901/delivery-reports?call_back=http://swa-gabrielkovacs.cs.univie.ac.at/webhook/data,14,0,0,d6679e8d-9fbd-4dc9-a5e0-58b5a48ab5da
1603133791871,17,UC4 receive order,202,HTTP/1.1 202,UC4 4-1,true,,435,0,1,5,http://swa-kovacs-vm1.cs.univie.ac.at/apigate/stores/201/orders/113?call_back=http://swa-gabrielkovacs.cs.univie.ac.at/webhook/data,17,0,0,b8061ab2-821d-4f9b-af50-41e05322fe48
1603133791872,19,UC3 order products,202,HTTP/1.1 202,UC3 3-1,true,,416,0,1,5,http://swa-kovacs-vm1.cs.univie.ac.at/apigate/stores/201/orders?call_back=http://swa-gabrielkovacs.cs.univie.ac.at/webhook/data,19,0,0,749fb578-148e-4ca1-a879-9453de9c1cda
1603133792080,18,UC5 show stock report,202,HTTP/1.1 202,UC5 1-1,true,,381,0,1,5,http://swa-kovacs-vm1.cs.univie.ac.at/apigate/stores/200/stock-item-reports?call_back=http://swa-gabrielkovacs.cs.univie.ac.at/webhook/data,18,0,0,7e808627-4cfb-4ee0-a327-0166a02cb15b
1603133792083,20,UC7 change price,202,HTTP/1.1 202,UC7 2-1,true,,481,0,1,5,http://swa-kovacs-vm1.cs.univie.ac.at/apigate/stores/200/stockitems/300?call_back=http://swa-gabrielkovacs.cs.univie.ac.at/webhook/data,20,0,0,5be592eb-6243-4fe5-acf1-26c54bb39a25
1603133792167,13,UC6 delivery reports,202,HTTP/1.1 202,UC6 5-1,true,,380,0,1,5,http://swa-kovacs-vm1.cs.univie.ac.at/apigate/enterprises/901/delivery-reports?call_back=http://swa-gabrielkovacs.cs.univie.ac.at/webhook/data,13,0,0,e57588f3-bc36-4675-8c91-6e738f0e20e3
1603133792189,16,UC4 receive order,202,HTTP/1.1 202,UC4 4-1,true,,435,0,1,5,http://swa-kovacs-vm1.cs.univie.ac.at/apigate/stores/201/orders/113?call_back=http://swa-gabrielkovacs.cs.univie.ac.at/webhook/data,15,0,0,331455aa-723f-422d-9f79-7a71da1729b0
1603133792192,16,UC3 order products,202,HTTP/1.1 202,UC3 3-1,true,,416,0,1,5,http://swa-kovacs-vm1.cs.univie.ac.at/apigate/stores/201/orders?call_back=http://swa-gabrielkovacs.cs.univie.ac.at/webhook/data,16,0,0,a5584536-4916-45a5-ba99-ed191caef660
1603133792403,21,UC7 change price,202,HTTP/1.1 202,UC7 2-1,true,,481,0,1,5,http://swa-kovacs-vm1.cs.univie.ac.at/apigate/stores/200/stockitems/300?call_back=http://swa-gabrielkovacs.cs.univie.ac.at/webhook/data,20,0,0,f87981e3-27c7-42bf-aff7-73aa6c70b42a
1603133792399,28,UC5 show stock report,202,HTTP/1.1 202,UC5 1-1,true,,381,0,1,5,http://swa-kovacs-vm1.cs.univie.ac.at/apigate/stores/200/stock-item-reports?call_back=http://swa-gabrielkovacs.cs.univie.ac.at/webhook/data,27,0,0,30b2b9e1-0e84-4d72-8527-8477da044c12
1603133792481,13,UC6 delivery reports,202,HTTP/1.1 202,UC6 5-1,true,,380,0,1,5,http://swa-kovacs-vm1.cs.univie.ac.at/apigate/enterprises/901/delivery-reports?call_back=http://swa-gabrielkovacs.cs.univie.ac.at/webhook/data,13,0,0,a8e9d7ca-f34f-45ba-a962-527b8c789b25
1603133792509,20,UC3 order products,202,HTTP/1.1 202,UC3 3-1,true,,416,0,1,5,http://swa-kovacs-vm1.cs.univie.ac.at/apigate/stores/201/orders?call_back=http://swa-gabrielkovacs.cs.univie.ac.at/webhook/data,20,0,0,b01a5ad4-9858-46a5-bf95-098672c1b036
1603133792505,25,UC4 receive order,202,HTTP/1.1 202,UC4 4-1,true,,435,0,1,5,http://swa-kovacs-vm1.cs.univie.ac.at/apigate/stores/201/orders/113?call_back=http://swa-gabrielkovacs.cs.univie.ac.at/webhook/data,25,0,0,ea0b5802-c1d8-47f0-be13-7019b7ef77ff
1603133792724,17,UC7 change price,202,HTTP/1.1 202,UC7 2-1,true,,481,0,1,5,http://swa-kovacs-vm1.cs.univie.ac.at/apigate/stores/200/stockitems/300?call_back=http://swa-gabrielkovacs.cs.univie.ac.at/webhook/data,16,0,0,20601595-6b85-4ccb-ab2f-9ddd474e1e49
1603133792728,15,UC5 show stock report,202,HTTP/1.1 202,UC5 1-1,true,,381,0,1,5,http://swa-kovacs-vm1.cs.univie.ac.at/apigate/stores/200/stock-item-reports?call_back=http://swa-gabrielkovacs.cs.univie.ac.at/webhook/data,15,0,0,8a4d361e-71fd-4b00-af45-c55c8588867a
1603133792795,14,UC6 delivery reports,202,HTTP/1.1 202,UC6 5-1,true,,380,0,1,5,http://swa-kovacs-vm1.cs.univie.ac.at/apigate/enterprises/901/delivery-reports?call_back=http://swa-gabrielkovacs.cs.univie.ac.at/webhook/data,13,0,0,c5ec1562-763a-475a-b7d1-c0261514e099
1603133792830,18,UC3 order products,202,HTTP/1.1 202,UC3 3-1,true,,416,0,1,5,http://swa-kovacs-vm1.cs.univie.ac.at/apigate/stores/201/orders?call_back=http://swa-gabrielkovacs.cs.univie.ac.at/webhook/data,17,0,0,df0c5c49-f9c8-4aef-bb51-ef5f956f0a4a
1603133792831,24,UC4 receive order,202,HTTP/1.1 202,UC4 4-1,true,,435,0,1,5,http://swa-kovacs-vm1.cs.univie.ac.at/apigate/stores/201/orders/113?call_back=http://swa-gabrielkovacs.cs.univie.ac.at/webhook/data,23,0,0,de16ba46-5342-4d01-9edd-f6e1d0bb568f
1603133793042,24,UC7 change price,202,HTTP/1.1 202,UC7 2-1,true,,481,0,1,5,http://swa-kovacs-vm1.cs.univie.ac.at/apigate/stores/200/stockitems/300?call_back=http://swa-gabrielkovacs.cs.univie.ac.at/webhook/data,23,0,0,6e2d502a-2ccf-4515-a5a7-9af4cf35b032
1603133793044,25,UC5 show stock report,202,HTTP/1.1 202,UC5 1-1,true,,381,0,1,5,http://swa-kovacs-vm1.cs.univie.ac.at/apigate/stores/200/stock-item-reports?call_back=http://swa-gabrielkovacs.cs.univie.ac.at/webhook/data,25,0,0,a4f1879c-5d96-4dc5-83f3-58ab4f642864
1603133793109,14,UC6 delivery reports,202,HTTP/1.1 202,UC6 5-1,true,,380,0,1,5,http://swa-kovacs-vm1.cs.univie.ac.at/apigate/enterprises/901/delivery-reports?call_back=http://swa-gabrielkovacs.cs.univie.ac.at/webhook/data,14,0,0,9b522bc1-8025-44e4-89f8-03caee23f742
1603133793155,16,UC4 receive order,202,HTTP/1.1 202,UC4 4-1,true,,435,0,1,5,http://swa-kovacs-vm1.cs.univie.ac.at/apigate/stores/201/orders/113?call_back=http://swa-gabrielkovacs.cs.univie.ac.at/webhook/data,16,0,0,1f710d7b-c186-431e-9f13-2b77c82d2adc
1603133793149,23,UC3 order products,202,HTTP/1.1 202,UC3 3-1,true,,416,0,1,5,http://swa-kovacs-vm1.cs.univie.ac.at/apigate/stores/201/orders?call_back=http://swa-gabrielkovacs.cs.univie.ac.at/webhook/data,23,0,0,2a9a5b21-b7f8-4f53-b777-0f4c59af4d3c
1603133793367,17,UC7 change price,202,HTTP/1.1 202,UC7 2-1,true,,481,0,1,5,http://swa-kovacs-vm1.cs.univie.ac.at/apigate/stores/200/stockitems/300?call_back=http://swa-gabrielkovacs.cs.univie.ac.at/webhook/data,17,0,0,59f99575-b410-4020-89c7-008016721ca8
1603133793370,22,UC5 show stock report,202,HTTP/1.1 202,UC5 1-1,true,,381,0,1,5,http://swa-kovacs-vm1.cs.univie.ac.at/apigate/stores/200/stock-item-reports?call_back=http://swa-gabrielkovacs.cs.univie.ac.at/webhook/data,22,0,0,f7712bb6-a0fa-4497-93e9-373f64348a44
1603133793424,13,UC6 delivery reports,202,HTTP/1.1 202,UC6 5-1,true,,380,0,1,5,http://swa-kovacs-vm1.cs.univie.ac.at/apigate/enterprises/901/delivery-reports?call_back=http://swa-gabrielkovacs.cs.univie.ac.at/webhook/data,13,0,0,fc79e11b-9f92-47f7-bb75-cf34114cfcf3
1603133793472,19,UC4 receive order,202,HTTP/1.1 202,UC4 4-1,true,,435,0,1,5,http://swa-kovacs-vm1.cs.univie.ac.at/apigate/stores/201/orders/113?call_back=http://swa-gabrielkovacs.cs.univie.ac.at/webhook/data,17,0,0,31958f0a-d350-4ec9-b88f-1e8317bed56b
1603133793472,21,UC3 order products,202,HTTP/1.1 202,UC3 3-1,true,,416,0,1,5,http://swa-kovacs-vm1.cs.univie.ac.at/apigate/stores/201/orders?call_back=http://swa-gabrielkovacs.cs.univie.ac.at/webhook/data,21,0,0,886c7212-587d-4e63-8bb7-ddaebc8ec08e
1603133793684,26,UC7 change price,202,HTTP/1.1 202,UC7 2-1,true,,481,0,1,5,http://swa-kovacs-vm1.cs.univie.ac.at/apigate/stores/200/stockitems/300?call_back=http://swa-gabrielkovacs.cs.univie.ac.at/webhook/data,26,0,0,21a39e0a-bc6a-4943-9d4f-ec75ce19d504
1603133793693,24,UC5 show stock report,202,HTTP/1.1 202,UC5 1-1,true,,381,0,1,5,http://swa-kovacs-vm1.cs.univie.ac.at/apigate/stores/200/stock-item-reports?call_back=http://swa-gabrielkovacs.cs.univie.ac.at/webhook/data,24,0,0,daa720df-195a-4264-a014-ab7b14a243a9
1603133793738,13,UC6 delivery reports,202,HTTP/1.1 202,UC6 5-1,true,,380,0,1,5,http://swa-kovacs-vm1.cs.univie.ac.at/apigate/enterprises/901/delivery-reports?call_back=http://swa-gabrielkovacs.cs.univie.ac.at/webhook/data,13,0,0,8bccc633-e9b1-417f-93df-a714604087b2
1603133793792,17,UC4 receive order,202,HTTP/1.1 202,UC4 4-1,true,,435,0,1,5,http://swa-kovacs-vm1.cs.univie.ac.at/apigate/stores/201/orders/113?call_back=http://swa-gabrielkovacs.cs.univie.ac.at/webhook/data,17,0,0,b30bdc63-14a3-4495-98c4-b2d940a29ca3
1603133793793,17,UC3 order products,202,HTTP/1.1 202,UC3 3-1,true,,416,0,1,5,http://swa-kovacs-vm1.cs.univie.ac.at/apigate/stores/201/orders?call_back=http://swa-gabrielkovacs.cs.univie.ac.at/webhook/data,17,0,0,c8a29e98-44f8-47d1-a8f6-e7fc87b7f485
1603133794010,18,UC7 change price,202,HTTP/1.1 202,UC7 2-1,true,,481,0,1,5,http://swa-kovacs-vm1.cs.univie.ac.at/apigate/stores/200/stockitems/300?call_back=http://swa-gabrielkovacs.cs.univie.ac.at/webhook/data,18,0,0,f247f959-af1c-4165-bbbb-18b1c7170087
1603133794018,21,UC5 show stock report,202,HTTP/1.1 202,UC5 1-1,true,,381,0,1,5,http://swa-kovacs-vm1.cs.univie.ac.at/apigate/stores/200/stock-item-reports?call_back=http://swa-gabrielkovacs.cs.univie.ac.at/webhook/data,21,0,0,3d1e1c86-368c-4f7f-ba12-fb9d48dece48
1603133794052,12,UC6 delivery reports,202,HTTP/1.1 202,UC6 5-1,true,,380,0,1,5,http://swa-kovacs-vm1.cs.univie.ac.at/apigate/enterprises/901/delivery-reports?call_back=http://swa-gabrielkovacs.cs.univie.ac.at/webhook/data,12,0,0,23dd8b6a-b03a-45f3-9cb2-f40133a32643
1603133794109,17,UC4 receive order,202,HTTP/1.1 202,UC4 4-1,true,,435,0,1,5,http://swa-kovacs-vm1.cs.univie.ac.at/apigate/stores/201/orders/113?call_back=http://swa-gabrielkovacs.cs.univie.ac.at/webhook/data,17,0,0,ade94fd3-2ae3-41ff-a68b-db85ffa321f4
1603133794110,19,UC3 order products,202,HTTP/1.1 202,UC3 3-1,true,,416,0,1,5,http://swa-kovacs-vm1.cs.univie.ac.at/apigate/stores/201/orders?call_back=http://swa-gabrielkovacs.cs.univie.ac.at/webhook/data,19,0,0,09e38bca-6b0d-481c-a8ae-03068c8b7383
1603133794328,27,UC7 change price,202,HTTP/1.1 202,UC7 2-1,true,,481,0,1,5,http://swa-kovacs-vm1.cs.univie.ac.at/apigate/stores/200/stockitems/300?call_back=http://swa-gabrielkovacs.cs.univie.ac.at/webhook/data,26,0,0,03ffbd46-50b6-4bb2-9cd6-56a5e275deb7
1603133794339,21,UC5 show stock report,202,HTTP/1.1 202,UC5 1-1,true,,381,0,1,5,http://swa-kovacs-vm1.cs.univie.ac.at/apigate/stores/200/stock-item-reports?call_back=http://swa-gabrielkovacs.cs.univie.ac.at/webhook/data,19,0,0,78646572-035a-4a06-a395-d584d156d972
1603133794365,12,UC6 delivery reports,202,HTTP/1.1 202,UC6 5-1,true,,380,0,1,5,http://swa-kovacs-vm1.cs.univie.ac.at/apigate/enterprises/901/delivery-reports?call_back=http://swa-gabrielkovacs.cs.univie.ac.at/webhook/data,12,0,0,7e133720-c01e-4f43-8797-4783ade26d03
1603133794426,17,UC4 receive order,202,HTTP/1.1 202,UC4 4-1,true,,435,0,1,5,http://swa-kovacs-vm1.cs.univie.ac.at/apigate/stores/201/orders/113?call_back=http://swa-gabrielkovacs.cs.univie.ac.at/webhook/data,17,0,0,eb21cbb5-da90-430c-973c-6611d22125cc
1603133794430,16,UC3 order products,202,HTTP/1.1 202,UC3 3-1,true,,416,0,1,5,http://swa-kovacs-vm1.cs.univie.ac.at/apigate/stores/201/orders?call_back=http://swa-gabrielkovacs.cs.univie.ac.at/webhook/data,15,0,0,2c2456c0-4a25-4461-8a5d-985f7d2d7546
1603133794655,19,UC7 change price,202,HTTP/1.1 202,UC7 2-1,true,,481,0,1,5,http://swa-kovacs-vm1.cs.univie.ac.at/apigate/stores/200/stockitems/300?call_back=http://swa-gabrielkovacs.cs.univie.ac.at/webhook/data,19,0,0,c4b4efc1-359e-4099-836d-4117f8fa5ce5
1603133794660,26,UC5 show stock report,202,HTTP/1.1 202,UC5 1-1,true,,381,0,1,5,http://swa-kovacs-vm1.cs.univie.ac.at/apigate/stores/200/stock-item-reports?call_back=http://swa-gabrielkovacs.cs.univie.ac.at/webhook/data,22,0,0,43516ee2-32b2-4b28-8b47-cfaebe57f286
1603133794677,17,UC6 delivery reports,202,HTTP/1.1 202,UC6 5-1,true,,380,0,1,5,http://swa-kovacs-vm1.cs.univie.ac.at/apigate/enterprises/901/delivery-reports?call_back=http://swa-gabrielkovacs.cs.univie.ac.at/webhook/data,17,0,0,1bb392f5-e7e9-46d2-8893-0bca658ff0d0
1603133794744,18,UC4 receive order,202,HTTP/1.1 202,UC4 4-1,true,,435,0,1,5,http://swa-kovacs-vm1.cs.univie.ac.at/apigate/stores/201/orders/113?call_back=http://swa-gabrielkovacs.cs.univie.ac.at/webhook/data,18,0,0,d1aa8dc1-c9f0-4011-bc70-d61cc7e290e7
1603133794746,19,UC3 order products,202,HTTP/1.1 202,UC3 3-1,true,,416,0,1,5,http://swa-kovacs-vm1.cs.univie.ac.at/apigate/stores/201/orders?call_back=http://swa-gabrielkovacs.cs.univie.ac.at/webhook/data,19,0,0,9701097e-1f7e-4401-9b16-9fe521f24588
1603133794975,18,UC7 change price,202,HTTP/1.1 202,UC7 2-1,true,,481,0,1,5,http://swa-kovacs-vm1.cs.univie.ac.at/apigate/stores/200/stockitems/300?call_back=http://swa-gabrielkovacs.cs.univie.ac.at/webhook/data,16,0,0,2f5cfcaa-8b7b-4358-939f-073265791d83
1603133794986,18,UC5 show stock report,202,HTTP/1.1 202,UC5 1-1,true,,381,0,1,5,http://swa-kovacs-vm1.cs.univie.ac.at/apigate/stores/200/stock-item-reports?call_back=http://swa-gabrielkovacs.cs.univie.ac.at/webhook/data,18,0,0,c1b960f0-c24b-42bf-ad07-0a0bc79615ee
1603133794995,19,UC6 delivery reports,202,HTTP/1.1 202,UC6 5-1,true,,380,0,1,5,http://swa-kovacs-vm1.cs.univie.ac.at/apigate/enterprises/901/delivery-reports?call_back=http://swa-gabrielkovacs.cs.univie.ac.at/webhook/data,18,0,0,7961d9ad-c602-4538-b518-b192d4b3f650
1603133795062,20,UC4 receive order,202,HTTP/1.1 202,UC4 4-1,true,,435,0,1,5,http://swa-kovacs-vm1.cs.univie.ac.at/apigate/stores/201/orders/113?call_back=http://swa-gabrielkovacs.cs.univie.ac.at/webhook/data,20,0,0,1c27a222-4f9e-407b-be3c-d6f560d498d4
1603133795066,16,UC3 order products,202,HTTP/1.1 202,UC3 3-1,true,,416,0,1,5,http://swa-kovacs-vm1.cs.univie.ac.at/apigate/stores/201/orders?call_back=http://swa-gabrielkovacs.cs.univie.ac.at/webhook/data,15,0,0,1a8fecf1-a8a4-4f08-b5e3-849dfc887cf2
1603133795293,33,UC7 change price,202,HTTP/1.1 202,UC7 2-1,true,,481,0,1,5,http://swa-kovacs-vm1.cs.univie.ac.at/apigate/stores/200/stockitems/300?call_back=http://swa-gabrielkovacs.cs.univie.ac.at/webhook/data,21,0,0,ce41834e-da4e-4875-9932-5ba123387eb4
1603133795314,20,UC6 delivery reports,202,HTTP/1.1 202,UC6 5-1,true,,380,0,1,5,http://swa-kovacs-vm1.cs.univie.ac.at/apigate/enterprises/901/delivery-reports?call_back=http://swa-gabrielkovacs.cs.univie.ac.at/webhook/data,19,0,0,665cc667-4dd8-4ef5-8e73-e048b0f247e7
1603133795305,30,UC5 show stock report,202,HTTP/1.1 202,UC5 1-1,true,,381,0,1,5,http://swa-kovacs-vm1.cs.univie.ac.at/apigate/stores/200/stock-item-reports?call_back=http://swa-gabrielkovacs.cs.univie.ac.at/webhook/data,26,0,0,2f624524-563d-433f-a9c9-ef4f8dcf5a20
1603133795382,14,UC4 receive order,202,HTTP/1.1 202,UC4 4-1,true,,435,0,1,5,http://swa-kovacs-vm1.cs.univie.ac.at/apigate/stores/201/orders/113?call_back=http://swa-gabrielkovacs.cs.univie.ac.at/webhook/data,14,0,0,ba3bfd94-e248-4655-b18b-64b160188a20
1603133795383,18,UC3 order products,202,HTTP/1.1 202,UC3 3-1,true,,416,0,1,5,http://swa-kovacs-vm1.cs.univie.ac.at/apigate/stores/201/orders?call_back=http://swa-gabrielkovacs.cs.univie.ac.at/webhook/data,17,0,0,e1b17b34-7fa6-440a-b048-08ef07426aba
1603133795627,26,UC7 change price,202,HTTP/1.1 202,UC7 2-1,true,,481,0,1,5,http://swa-kovacs-vm1.cs.univie.ac.at/apigate/stores/200/stockitems/300?call_back=http://swa-gabrielkovacs.cs.univie.ac.at/webhook/data,26,0,0,6c8f46d5-d04a-417d-b10a-ff63584243bf
1603133795634,20,UC6 delivery reports,202,HTTP/1.1 202,UC6 5-1,true,,380,0,1,5,http://swa-kovacs-vm1.cs.univie.ac.at/apigate/enterprises/901/delivery-reports?call_back=http://swa-gabrielkovacs.cs.univie.ac.at/webhook/data,19,0,0,b61ac4c2-dbae-48c3-a409-4809e57c07df
1603133795635,23,UC5 show stock report,202,HTTP/1.1 202,UC5 1-1,true,,381,0,1,5,http://swa-kovacs-vm1.cs.univie.ac.at/apigate/stores/200/stock-item-reports?call_back=http://swa-gabrielkovacs.cs.univie.ac.at/webhook/data,23,0,0,7a0c3573-6139-4acd-8ce9-61fddfde1d40
1603133795697,24,UC4 receive order,202,HTTP/1.1 202,UC4 4-1,true,,435,0,1,5,http://swa-kovacs-vm1.cs.univie.ac.at/apigate/stores/201/orders/113?call_back=http://swa-gabrielkovacs.cs.univie.ac.at/webhook/data,24,0,0,9c1af393-9889-4116-9816-f79c9f7e34c7
1603133795701,23,UC3 order products,202,HTTP/1.1 202,UC3 3-1,true,,416,0,1,5,http://swa-kovacs-vm1.cs.univie.ac.at/apigate/stores/201/orders?call_back=http://swa-gabrielkovacs.cs.univie.ac.at/webhook/data,22,0,0,6287b642-ec1c-4e74-ad53-0e1f92fb1baf
1603133795953,24,UC7 change price,202,HTTP/1.1 202,UC7 2-1,true,,481,0,1,5,http://swa-kovacs-vm1.cs.univie.ac.at/apigate/stores/200/stockitems/300?call_back=http://swa-gabrielkovacs.cs.univie.ac.at/webhook/data,24,0,0,d5cb8bce-c1b2-4d71-86c5-0f751a321817
1603133795954,26,UC6 delivery reports,202,HTTP/1.1 202,UC6 5-1,true,,380,0,1,5,http://swa-kovacs-vm1.cs.univie.ac.at/apigate/enterprises/901/delivery-reports?call_back=http://swa-gabrielkovacs.cs.univie.ac.at/webhook/data,26,0,0,5f2d8b43-b27e-4ed6-bc9e-f9cfbcd64f55
1603133795958,24,UC5 show stock report,202,HTTP/1.1 202,UC5 1-1,true,,381,0,1,5,http://swa-kovacs-vm1.cs.univie.ac.at/apigate/stores/200/stock-item-reports?call_back=http://swa-gabrielkovacs.cs.univie.ac.at/webhook/data,24,0,0,3d40ba78-dddf-443a-9e09-b89aa9011da5
1603133796023,14,UC4 receive order,202,HTTP/1.1 202,UC4 4-1,true,,435,0,1,5,http://swa-kovacs-vm1.cs.univie.ac.at/apigate/stores/201/orders/113?call_back=http://swa-gabrielkovacs.cs.univie.ac.at/webhook/data,14,0,0,b84f41e0-8134-40dd-9d69-50688de96b3e
1603133796024,19,UC3 order products,202,HTTP/1.1 202,UC3 3-1,true,,416,0,1,5,http://swa-kovacs-vm1.cs.univie.ac.at/apigate/stores/201/orders?call_back=http://swa-gabrielkovacs.cs.univie.ac.at/webhook/data,19,0,0,09ae8f92-10b0-4505-9c30-8d9facb76a42
1603133796278,22,UC7 change price,202,HTTP/1.1 202,UC7 2-1,true,,481,0,1,5,http://swa-kovacs-vm1.cs.univie.ac.at/apigate/stores/200/stockitems/300?call_back=http://swa-gabrielkovacs.cs.univie.ac.at/webhook/data,22,0,0,3f025939-f827-4ae2-b6e1-30fbff2c0670
1603133796280,27,UC6 delivery reports,202,HTTP/1.1 202,UC6 5-1,true,,380,0,1,5,http://swa-kovacs-vm1.cs.univie.ac.at/apigate/enterprises/901/delivery-reports?call_back=http://swa-gabrielkovacs.cs.univie.ac.at/webhook/data,27,0,0,681a2924-de4f-4434-b3c2-67af343ce2c4
1603133796282,27,UC5 show stock report,202,HTTP/1.1 202,UC5 1-1,true,,381,0,1,5,http://swa-kovacs-vm1.cs.univie.ac.at/apigate/stores/200/stock-item-reports?call_back=http://swa-gabrielkovacs.cs.univie.ac.at/webhook/data,26,0,0,390e3b13-50a1-4918-94c8-4a907f812ff5
1603133796337,17,UC4 receive order,202,HTTP/1.1 202,UC4 4-1,true,,430,0,1,5,http://swa-kovacs-vm1.cs.univie.ac.at/apigate/stores/201/orders/113?call_back=http://swa-gabrielkovacs.cs.univie.ac.at/webhook/data,16,0,0,bfc4f2f3-e019-4dd9-ba91-0561c5732798
1603133796343,16,UC3 order products,202,HTTP/1.1 202,UC3 3-1,true,,416,0,1,5,http://swa-kovacs-vm1.cs.univie.ac.at/apigate/stores/201/orders?call_back=http://swa-gabrielkovacs.cs.univie.ac.at/webhook/data,16,0,0,b4cc074a-24dc-43d8-a0b6-8f03a8de8cba
1603133796601,18,UC7 change price,202,HTTP/1.1 202,UC7 2-1,true,,481,0,1,5,http://swa-kovacs-vm1.cs.univie.ac.at/apigate/stores/200/stockitems/300?call_back=http://swa-gabrielkovacs.cs.univie.ac.at/webhook/data,18,0,0,77e4cc91-f084-479c-8f03-b033817b1fe0
1603133796607,23,UC6 delivery reports,202,HTTP/1.1 202,UC6 5-1,true,,380,0,1,5,http://swa-kovacs-vm1.cs.univie.ac.at/apigate/enterprises/901/delivery-reports?call_back=http://swa-gabrielkovacs.cs.univie.ac.at/webhook/data,22,0,0,212720a8-7567-4d68-b3ef-148b6104e587
1603133796610,21,UC5 show stock report,202,HTTP/1.1 202,UC5 1-1,true,,381,0,1,5,http://swa-kovacs-vm1.cs.univie.ac.at/apigate/stores/200/stock-item-reports?call_back=http://swa-gabrielkovacs.cs.univie.ac.at/webhook/data,20,0,0,11c12761-f589-43e2-926f-1a031d45d6fd
1603133796655,19,UC4 receive order,202,HTTP/1.1 202,UC4 4-1,true,,435,0,1,5,http://swa-kovacs-vm1.cs.univie.ac.at/apigate/stores/201/orders/113?call_back=http://swa-gabrielkovacs.cs.univie.ac.at/webhook/data,18,0,0,76c031b2-3cb4-44bc-af44-c45a93e074a1
1603133796660,16,UC3 order products,202,HTTP/1.1 202,UC3 3-1,true,,416,0,1,5,http://swa-kovacs-vm1.cs.univie.ac.at/apigate/stores/201/orders?call_back=http://swa-gabrielkovacs.cs.univie.ac.at/webhook/data,15,0,0,21be291c-d275-405c-88ae-cfe552edde21
1603133796920,19,UC7 change price,202,HTTP/1.1 202,UC7 2-1,true,,481,0,1,5,http://swa-kovacs-vm1.cs.univie.ac.at/apigate/stores/200/stockitems/300?call_back=http://swa-gabrielkovacs.cs.univie.ac.at/webhook/data,19,0,0,144327e4-ccb8-494d-afb5-cc1d4cfe041f
1603133796931,19,UC6 delivery reports,202,HTTP/1.1 202,UC6 5-1,true,,380,0,1,5,http://swa-kovacs-vm1.cs.univie.ac.at/apigate/enterprises/901/delivery-reports?call_back=http://swa-gabrielkovacs.cs.univie.ac.at/webhook/data,19,0,0,994632c7-0215-4414-a4aa-db117977733a
1603133796931,23,UC5 show stock report,202,HTTP/1.1 202,UC5 1-1,true,,381,0,1,5,http://swa-kovacs-vm1.cs.univie.ac.at/apigate/stores/200/stock-item-reports?call_back=http://swa-gabrielkovacs.cs.univie.ac.at/webhook/data,23,0,0,a939d3a3-5528-493e-bb0e-d3a445b9176b
1603133796976,14,UC3 order products,202,HTTP/1.1 202,UC3 3-1,true,,416,0,1,5,http://swa-kovacs-vm1.cs.univie.ac.at/apigate/stores/201/orders?call_back=http://swa-gabrielkovacs.cs.univie.ac.at/webhook/data,14,0,0,c3d48d7f-12ac-4e7c-b003-ab850a8ff87c
1603133796975,19,UC4 receive order,202,HTTP/1.1 202,UC4 4-1,true,,435,0,1,5,http://swa-kovacs-vm1.cs.univie.ac.at/apigate/stores/201/orders/113?call_back=http://swa-gabrielkovacs.cs.univie.ac.at/webhook/data,19,0,0,ea39dc06-6860-4a3a-b39c-5c2248dadf57
1603133797240,15,UC7 change price,202,HTTP/1.1 202,UC7 2-1,true,,481,0,1,5,http://swa-kovacs-vm1.cs.univie.ac.at/apigate/stores/200/stockitems/300?call_back=http://swa-gabrielkovacs.cs.univie.ac.at/webhook/data,15,0,0,d8351733-8552-42da-8cda-5ef9121014b4
1603133797251,16,UC6 delivery reports,202,HTTP/1.1 202,UC6 5-1,true,,380,0,1,5,http://swa-kovacs-vm1.cs.univie.ac.at/apigate/enterprises/901/delivery-reports?call_back=http://swa-gabrielkovacs.cs.univie.ac.at/webhook/data,16,0,0,771bfe92-41f2-4737-ab81-124e2a90105d
1603133797255,21,UC5 show stock report,202,HTTP/1.1 202,UC5 1-1,true,,381,0,1,5,http://swa-kovacs-vm1.cs.univie.ac.at/apigate/stores/200/stock-item-reports?call_back=http://swa-gabrielkovacs.cs.univie.ac.at/webhook/data,21,0,0,5d9d5326-61b3-45b0-89b6-77b46401d5f8
1603133797291,15,UC3 order products,202,HTTP/1.1 202,UC3 3-1,true,,416,0,1,5,http://swa-kovacs-vm1.cs.univie.ac.at/apigate/stores/201/orders?call_back=http://swa-gabrielkovacs.cs.univie.ac.at/webhook/data,14,0,0,604386a2-03e7-4c7b-b9a0-fffb7d7a1f9d
1603133797294,18,UC4 receive order,202,HTTP/1.1 202,UC4 4-1,true,,435,0,1,5,http://swa-kovacs-vm1.cs.univie.ac.at/apigate/stores/201/orders/113?call_back=http://swa-gabrielkovacs.cs.univie.ac.at/webhook/data,17,0,0,6fa1bfc7-1385-4339-815a-d9942b00d06b
1603133797556,16,UC7 change price,202,HTTP/1.1 202,UC7 2-1,true,,481,0,1,5,http://swa-kovacs-vm1.cs.univie.ac.at/apigate/stores/200/stockitems/300?call_back=http://swa-gabrielkovacs.cs.univie.ac.at/webhook/data,16,0,0,dec8754b-1fd2-458c-a888-416c9887e7e8
1603133797568,18,UC6 delivery reports,202,HTTP/1.1 202,UC6 5-1,true,,380,0,1,5,http://swa-kovacs-vm1.cs.univie.ac.at/apigate/enterprises/901/delivery-reports?call_back=http://swa-gabrielkovacs.cs.univie.ac.at/webhook/data,18,0,0,905573d5-843a-4978-843f-8e68bfac1c19
1603133797577,14,UC5 show stock report,202,HTTP/1.1 202,UC5 1-1,true,,381,0,1,5,http://swa-kovacs-vm1.cs.univie.ac.at/apigate/stores/200/stock-item-reports?call_back=http://swa-gabrielkovacs.cs.univie.ac.at/webhook/data,14,0,0,4087049c-fd70-489f-a46a-1bea18434c58
1603133797607,18,UC3 order products,202,HTTP/1.1 202,UC3 3-1,true,,416,0,1,5,http://swa-kovacs-vm1.cs.univie.ac.at/apigate/stores/201/orders?call_back=http://swa-gabrielkovacs.cs.univie.ac.at/webhook/data,17,0,0,c2ef66e9-453f-4e92-b72e-ef143c673af9
1603133797612,17,UC4 receive order,202,HTTP/1.1 202,UC4 4-1,true,,435,0,1,5,http://swa-kovacs-vm1.cs.univie.ac.at/apigate/stores/201/orders/113?call_back=http://swa-gabrielkovacs.cs.univie.ac.at/webhook/data,17,0,0,910c1f9a-08f7-4506-93d1-f21ba7fc45ea
1603133797872,14,UC7 change price,202,HTTP/1.1 202,UC7 2-1,true,,481,0,1,5,http://swa-kovacs-vm1.cs.univie.ac.at/apigate/stores/200/stockitems/300?call_back=http://swa-gabrielkovacs.cs.univie.ac.at/webhook/data,14,0,0,4f3af30a-ca8f-4700-8f60-43fb3c27e98a
1603133797887,14,UC6 delivery reports,202,HTTP/1.1 202,UC6 5-1,true,,380,0,1,5,http://swa-kovacs-vm1.cs.univie.ac.at/apigate/enterprises/901/delivery-reports?call_back=http://swa-gabrielkovacs.cs.univie.ac.at/webhook/data,14,0,0,cfafddbc-83eb-4293-90cf-7bdd397bdd56
1603133797892,15,UC5 show stock report,202,HTTP/1.1 202,UC5 1-1,true,,381,0,1,5,http://swa-kovacs-vm1.cs.univie.ac.at/apigate/stores/200/stock-item-reports?call_back=http://swa-gabrielkovacs.cs.univie.ac.at/webhook/data,15,0,0,fa9d0eb8-3a9e-464a-8068-1eb73383a786
1603133797930,14,UC4 receive order,202,HTTP/1.1 202,UC4 4-1,true,,435,0,1,5,http://swa-kovacs-vm1.cs.univie.ac.at/apigate/stores/201/orders/113?call_back=http://swa-gabrielkovacs.cs.univie.ac.at/webhook/data,13,0,0,abcac18f-6910-46db-8f59-01381ddd742c
1603133797926,21,UC3 order products,202,HTTP/1.1 202,UC3 3-1,true,,416,0,1,5,http://swa-kovacs-vm1.cs.univie.ac.at/apigate/stores/201/orders?call_back=http://swa-gabrielkovacs.cs.univie.ac.at/webhook/data,20,0,0,d6ee7c13-46ff-4073-8ac8-4a66c878cec3
1603133798186,17,UC7 change price,202,HTTP/1.1 202,UC7 2-1,true,,481,0,1,5,http://swa-kovacs-vm1.cs.univie.ac.at/apigate/stores/200/stockitems/300?call_back=http://swa-gabrielkovacs.cs.univie.ac.at/webhook/data,15,0,0,f8b3ecbc-de18-4023-86c0-2d6ee1bd642a
1603133798201,20,UC6 delivery reports,202,HTTP/1.1 202,UC6 5-1,true,,380,0,1,5,http://swa-kovacs-vm1.cs.univie.ac.at/apigate/enterprises/901/delivery-reports?call_back=http://swa-gabrielkovacs.cs.univie.ac.at/webhook/data,20,0,0,a60973c6-4a4a-4c45-8208-510593e407c7
1603133798210,16,UC5 show stock report,202,HTTP/1.1 202,UC5 1-1,true,,381,0,1,5,http://swa-kovacs-vm1.cs.univie.ac.at/apigate/stores/200/stock-item-reports?call_back=http://swa-gabrielkovacs.cs.univie.ac.at/webhook/data,16,0,0,bffda77d-df65-4c57-8f5b-3db36fcbb834
1603133798244,18,UC4 receive order,202,HTTP/1.1 202,UC4 4-1,true,,435,0,1,5,http://swa-kovacs-vm1.cs.univie.ac.at/apigate/stores/201/orders/113?call_back=http://swa-gabrielkovacs.cs.univie.ac.at/webhook/data,16,0,0,ad84ba66-cc4c-43a6-a709-a07315ce9371
1603133798247,18,UC3 order products,202,HTTP/1.1 202,UC3 3-1,true,,416,0,1,5,http://swa-kovacs-vm1.cs.univie.ac.at/apigate/stores/201/orders?call_back=http://swa-gabrielkovacs.cs.univie.ac.at/webhook/data,17,0,0,8043c5c2-5008-4bbc-b0c4-6d34c47ab87b
1603133798503,17,UC7 change price,202,HTTP/1.1 202,UC7 2-1,true,,481,0,1,5,http://swa-kovacs-vm1.cs.univie.ac.at/apigate/stores/200/stockitems/300?call_back=http://swa-gabrielkovacs.cs.univie.ac.at/webhook/data,16,0,0,0ba931b8-bb01-4779-8da8-50ad2f81337e
1603133798521,21,UC6 delivery reports,202,HTTP/1.1 202,UC6 5-1,true,,380,0,1,5,http://swa-kovacs-vm1.cs.univie.ac.at/apigate/enterprises/901/delivery-reports?call_back=http://swa-gabrielkovacs.cs.univie.ac.at/webhook/data,21,0,0,5a94edae-1829-4784-bd38-f4a94d2a11ca
1603133798527,16,UC5 show stock report,202,HTTP/1.1 202,UC5 1-1,true,,381,0,1,5,http://swa-kovacs-vm1.cs.univie.ac.at/apigate/stores/200/stock-item-reports?call_back=http://swa-gabrielkovacs.cs.univie.ac.at/webhook/data,16,0,0,7098a3e4-71f0-437a-9d7f-413265704988
1603133798563,18,UC4 receive order,202,HTTP/1.1 202,UC4 4-1,true,,435,0,1,5,http://swa-kovacs-vm1.cs.univie.ac.at/apigate/stores/201/orders/113?call_back=http://swa-gabrielkovacs.cs.univie.ac.at/webhook/data,17,0,0,6e4c3ee5-b3ae-4dd6-b1e0-bc5fc636949d
1603133798565,21,UC3 order products,202,HTTP/1.1 202,UC3 3-1,true,,416,0,1,5,http://swa-kovacs-vm1.cs.univie.ac.at/apigate/stores/201/orders?call_back=http://swa-gabrielkovacs.cs.univie.ac.at/webhook/data,20,0,0,c5d8542a-a493-4a73-8862-2e289e825c11
1603133798820,16,UC7 change price,202,HTTP/1.1 202,UC7 2-1,true,,481,0,1,5,http://swa-kovacs-vm1.cs.univie.ac.at/apigate/stores/200/stockitems/300?call_back=http://swa-gabrielkovacs.cs.univie.ac.at/webhook/data,16,0,0,ebe40e70-ed9b-480f-ae84-061ff98eba7b
1603133798844,13,UC5 show stock report,202,HTTP/1.1 202,UC5 1-1,true,,381,0,1,5,http://swa-kovacs-vm1.cs.univie.ac.at/apigate/stores/200/stock-item-reports?call_back=http://swa-gabrielkovacs.cs.univie.ac.at/webhook/data,13,0,0,bee82958-3ff9-42d6-adff-9e478c6a8587
1603133798843,21,UC6 delivery reports,202,HTTP/1.1 202,UC6 5-1,true,,380,0,1,5,http://swa-kovacs-vm1.cs.univie.ac.at/apigate/enterprises/901/delivery-reports?call_back=http://swa-gabrielkovacs.cs.univie.ac.at/webhook/data,20,0,0,b9555289-1680-4ff7-80c9-18ee060ec147
1603133798882,17,UC4 receive order,202,HTTP/1.1 202,UC4 4-1,true,,435,0,1,5,http://swa-kovacs-vm1.cs.univie.ac.at/apigate/stores/201/orders/113?call_back=http://swa-gabrielkovacs.cs.univie.ac.at/webhook/data,17,0,0,d741b046-db4b-41d4-9f53-407ef91c0eb3
1603133798886,15,UC3 order products,202,HTTP/1.1 202,UC3 3-1,true,,416,0,1,5,http://swa-kovacs-vm1.cs.univie.ac.at/apigate/stores/201/orders?call_back=http://swa-gabrielkovacs.cs.univie.ac.at/webhook/data,15,0,0,c8e864f6-2265-4c33-81fb-1da69299576b
1603133799137,14,UC7 change price,202,HTTP/1.1 202,UC7 2-1,true,,481,0,1,5,http://swa-kovacs-vm1.cs.univie.ac.at/apigate/stores/200/stockitems/300?call_back=http://swa-gabrielkovacs.cs.univie.ac.at/webhook/data,13,0,0,670cfe1e-8c84-47f8-b340-1dbdf9554491
1603133799157,17,UC5 show stock report,202,HTTP/1.1 202,UC5 1-1,true,,381,0,1,5,http://swa-kovacs-vm1.cs.univie.ac.at/apigate/stores/200/stock-item-reports?call_back=http://swa-gabrielkovacs.cs.univie.ac.at/webhook/data,17,0,0,2fa8c015-5845-4875-a430-80ad01e1abc0
1603133799164,15,UC6 delivery reports,202,HTTP/1.1 202,UC6 5-1,true,,380,0,1,5,http://swa-kovacs-vm1.cs.univie.ac.at/apigate/enterprises/901/delivery-reports?call_back=http://swa-gabrielkovacs.cs.univie.ac.at/webhook/data,14,0,0,5c62bfd2-50c0-48b7-915a-56235e2818ef
1603133799201,16,UC3 order products,202,HTTP/1.1 202,UC3 3-1,true,,416,0,1,5,http://swa-kovacs-vm1.cs.univie.ac.at/apigate/stores/201/orders?call_back=http://swa-gabrielkovacs.cs.univie.ac.at/webhook/data,16,0,0,ad9fe001-9135-426e-a1b5-96ecffb25914
1603133799200,18,UC4 receive order,202,HTTP/1.1 202,UC4 4-1,true,,435,0,1,5,http://swa-kovacs-vm1.cs.univie.ac.at/apigate/stores/201/orders/113?call_back=http://swa-gabrielkovacs.cs.univie.ac.at/webhook/data,17,0,0,d83cc626-c3ab-4fab-aa32-d40c33765a68
1603133799451,15,UC7 change price,202,HTTP/1.1 202,UC7 2-1,true,,481,0,1,5,http://swa-kovacs-vm1.cs.univie.ac.at/apigate/stores/200/stockitems/300?call_back=http://swa-gabrielkovacs.cs.univie.ac.at/webhook/data,15,0,0,acd6e05f-f65b-404f-8203-fb5138a3ca95
1603133799474,19,UC5 show stock report,202,HTTP/1.1 202,UC5 1-1,true,,381,0,1,5,http://swa-kovacs-vm1.cs.univie.ac.at/apigate/stores/200/stock-item-reports?call_back=http://swa-gabrielkovacs.cs.univie.ac.at/webhook/data,19,0,0,bfd2239d-7995-43e4-94da-5ca3a6bc9d15
1603133799479,18,UC6 delivery reports,202,HTTP/1.1 202,UC6 5-1,true,,380,0,1,5,http://swa-kovacs-vm1.cs.univie.ac.at/apigate/enterprises/901/delivery-reports?call_back=http://swa-gabrielkovacs.cs.univie.ac.at/webhook/data,17,0,0,24ed0404-4c0e-4064-9357-ce2d92d1e337
1603133799518,17,UC4 receive order,202,HTTP/1.1 202,UC4 4-1,true,,435,0,1,5,http://swa-kovacs-vm1.cs.univie.ac.at/apigate/stores/201/orders/113?call_back=http://swa-gabrielkovacs.cs.univie.ac.at/webhook/data,17,0,0,67c04bb0-70d2-4647-84f7-f47635a7bfb2
1603133799518,22,UC3 order products,202,HTTP/1.1 202,UC3 3-1,true,,416,0,1,5,http://swa-kovacs-vm1.cs.univie.ac.at/apigate/stores/201/orders?call_back=http://swa-gabrielkovacs.cs.univie.ac.at/webhook/data,22,0,0,5036725a-30c1-4164-92c0-3c39d0f7ca19
1603133799767,14,UC7 change price,202,HTTP/1.1 202,UC7 2-1,true,,481,0,1,5,http://swa-kovacs-vm1.cs.univie.ac.at/apigate/stores/200/stockitems/300?call_back=http://swa-gabrielkovacs.cs.univie.ac.at/webhook/data,13,0,0,1e0d7cee-5de6-40fe-b267-2211ae5ecc01
1603133799794,14,UC5 show stock report,202,HTTP/1.1 202,UC5 1-1,true,,381,0,1,5,http://swa-kovacs-vm1.cs.univie.ac.at/apigate/stores/200/stock-item-reports?call_back=http://swa-gabrielkovacs.cs.univie.ac.at/webhook/data,14,0,0,c92714c6-5dbc-45bf-ac10-98d08259d918
1603133799798,16,UC6 delivery reports,202,HTTP/1.1 202,UC6 5-1,true,,380,0,1,5,http://swa-kovacs-vm1.cs.univie.ac.at/apigate/enterprises/901/delivery-reports?call_back=http://swa-gabrielkovacs.cs.univie.ac.at/webhook/data,15,0,0,9dc94937-26f2-4089-a677-bb3e7b33ae15
1603133799836,14,UC4 receive order,202,HTTP/1.1 202,UC4 4-1,true,,435,0,1,5,http://swa-kovacs-vm1.cs.univie.ac.at/apigate/stores/201/orders/113?call_back=http://swa-gabrielkovacs.cs.univie.ac.at/webhook/data,14,0,0,28fe8225-9dd6-4f41-a27b-54871dbef95b
1603133799840,14,UC3 order products,202,HTTP/1.1 202,UC3 3-1,true,,416,0,1,5,http://swa-kovacs-vm1.cs.univie.ac.at/apigate/stores/201/orders?call_back=http://swa-gabrielkovacs.cs.univie.ac.at/webhook/data,14,0,0,d5efb15d-6507-4654-9ac4-82d88db96838
1603133800081,16,UC7 change price,202,HTTP/1.1 202,UC7 2-1,true,,481,0,1,5,http://swa-kovacs-vm1.cs.univie.ac.at/apigate/stores/200/stockitems/300?call_back=http://swa-gabrielkovacs.cs.univie.ac.at/webhook/data,16,0,0,cf99a0ac-cdaf-49eb-9954-7fda47782dba
1603133800109,18,UC5 show stock report,202,HTTP/1.1 202,UC5 1-1,true,,381,0,1,5,http://swa-kovacs-vm1.cs.univie.ac.at/apigate/stores/200/stock-item-reports?call_back=http://swa-gabrielkovacs.cs.univie.ac.at/webhook/data,18,0,0,06005fa8-85c8-4b67-b4b3-ebbef87e4843
1603133800114,18,UC6 delivery reports,202,HTTP/1.1 202,UC6 5-1,true,,380,0,1,5,http://swa-kovacs-vm1.cs.univie.ac.at/apigate/enterprises/901/delivery-reports?call_back=http://swa-gabrielkovacs.cs.univie.ac.at/webhook/data,17,0,0,b96c787b-ff27-40c1-a1fd-37016be3b32a
1603133800151,16,UC4 receive order,202,HTTP/1.1 202,UC4 4-1,true,,435,0,1,5,http://swa-kovacs-vm1.cs.univie.ac.at/apigate/stores/201/orders/113?call_back=http://swa-gabrielkovacs.cs.univie.ac.at/webhook/data,16,0,0,b7513758-b96a-4ab5-ad1e-5fbc5453a4ee
1603133800154,17,UC3 order products,202,HTTP/1.1 202,UC3 3-1,true,,416,0,1,5,http://swa-kovacs-vm1.cs.univie.ac.at/apigate/stores/201/orders?call_back=http://swa-gabrielkovacs.cs.univie.ac.at/webhook/data,17,0,0,8ebb4b72-4f66-4aaf-9fb2-c3a247876c6d
1603133800398,19,UC7 change price,202,HTTP/1.1 202,UC7 2-1,true,,481,0,1,5,http://swa-kovacs-vm1.cs.univie.ac.at/apigate/stores/200/stockitems/300?call_back=http://swa-gabrielkovacs.cs.univie.ac.at/webhook/data,18,0,0,73bc91c9-207d-4a4d-b313-1cf3e568a928
1603133800428,18,UC5 show stock report,202,HTTP/1.1 202,UC5 1-1,true,,381,0,1,5,http://swa-kovacs-vm1.cs.univie.ac.at/apigate/stores/200/stock-item-reports?call_back=http://swa-gabrielkovacs.cs.univie.ac.at/webhook/data,17,0,0,2111e438-c323-4b94-919a-e1d3fcfb1592
1603133800432,17,UC6 delivery reports,202,HTTP/1.1 202,UC6 5-1,true,,380,0,1,5,http://swa-kovacs-vm1.cs.univie.ac.at/apigate/enterprises/901/delivery-reports?call_back=http://swa-gabrielkovacs.cs.univie.ac.at/webhook/data,16,0,0,33526332-d1c5-45c3-9fce-30273592779a
1603133800467,18,UC4 receive order,202,HTTP/1.1 202,UC4 4-1,true,,435,0,1,5,http://swa-kovacs-vm1.cs.univie.ac.at/apigate/stores/201/orders/113?call_back=http://swa-gabrielkovacs.cs.univie.ac.at/webhook/data,18,0,0,7799b438-fc5f-4350-8dec-8c97d2000133
1603133800476,13,UC3 order products,202,HTTP/1.1 202,UC3 3-1,true,,416,0,1,5,http://swa-kovacs-vm1.cs.univie.ac.at/apigate/stores/201/orders?call_back=http://swa-gabrielkovacs.cs.univie.ac.at/webhook/data,13,0,0,6cb4f2e0-471d-40eb-a673-c21767df8519
1603133800718,14,UC7 change price,202,HTTP/1.1 202,UC7 2-1,true,,481,0,1,5,http://swa-kovacs-vm1.cs.univie.ac.at/apigate/stores/200/stockitems/300?call_back=http://swa-gabrielkovacs.cs.univie.ac.at/webhook/data,14,0,0,9d2589c3-6b0f-4dbb-ae34-1d8056b62cd8
1603133800746,20,UC5 show stock report,202,HTTP/1.1 202,UC5 1-1,true,,381,0,1,5,http://swa-kovacs-vm1.cs.univie.ac.at/apigate/stores/200/stock-item-reports?call_back=http://swa-gabrielkovacs.cs.univie.ac.at/webhook/data,19,0,0,8a494af3-cfdc-45d7-8a8a-f18c47680bfb
1603133800749,23,UC6 delivery reports,202,HTTP/1.1 202,UC6 5-1,true,,380,0,1,5,http://swa-kovacs-vm1.cs.univie.ac.at/apigate/enterprises/901/delivery-reports?call_back=http://swa-gabrielkovacs.cs.univie.ac.at/webhook/data,22,0,0,876c6f26-07f0-4c98-8a64-d31a69f171b2
1603133800789,16,UC3 order products,202,HTTP/1.1 202,UC3 3-1,true,,416,0,1,5,http://swa-kovacs-vm1.cs.univie.ac.at/apigate/stores/201/orders?call_back=http://swa-gabrielkovacs.cs.univie.ac.at/webhook/data,16,0,0,fbb1f9ce-e8c7-4b9b-9614-1346a7606ab6
1603133800786,21,UC4 receive order,202,HTTP/1.1 202,UC4 4-1,true,,435,0,1,5,http://swa-kovacs-vm1.cs.univie.ac.at/apigate/stores/201/orders/113?call_back=http://swa-gabrielkovacs.cs.univie.ac.at/webhook/data,21,0,0,3b1be2d2-6a9d-4261-b25b-b1abfcbdbf3d
1603133801032,14,UC7 change price,202,HTTP/1.1 202,UC7 2-1,true,,481,0,1,5,http://swa-kovacs-vm1.cs.univie.ac.at/apigate/stores/200/stockitems/300?call_back=http://swa-gabrielkovacs.cs.univie.ac.at/webhook/data,14,0,0,b37c1247-56e1-4cdb-b0b4-7574c9631f8c
1603133801066,20,UC5 show stock report,202,HTTP/1.1 202,UC5 1-1,true,,381,0,1,5,http://swa-kovacs-vm1.cs.univie.ac.at/apigate/stores/200/stock-item-reports?call_back=http://swa-gabrielkovacs.cs.univie.ac.at/webhook/data,20,0,0,01c2f277-1ebd-4b71-b4e2-358768ad3bff
1603133801072,16,UC6 delivery reports,202,HTTP/1.1 202,UC6 5-1,true,,380,0,1,5,http://swa-kovacs-vm1.cs.univie.ac.at/apigate/enterprises/901/delivery-reports?call_back=http://swa-gabrielkovacs.cs.univie.ac.at/webhook/data,16,0,0,15aca4ed-7207-4f31-a71e-49604917bd7f
1603133801106,18,UC3 order products,202,HTTP/1.1 202,UC3 3-1,true,,416,0,1,5,http://swa-kovacs-vm1.cs.univie.ac.at/apigate/stores/201/orders?call_back=http://swa-gabrielkovacs.cs.univie.ac.at/webhook/data,17,0,0,785a0ba3-66a2-4a35-9be0-b24c1e263846
1603133801108,20,UC4 receive order,202,HTTP/1.1 202,UC4 4-1,true,,435,0,1,5,http://swa-kovacs-vm1.cs.univie.ac.at/apigate/stores/201/orders/113?call_back=http://swa-gabrielkovacs.cs.univie.ac.at/webhook/data,19,0,0,6249f636-3a37-45fd-928e-332e44fd18aa
1603133801347,14,UC7 change price,202,HTTP/1.1 202,UC7 2-1,true,,481,0,1,5,http://swa-kovacs-vm1.cs.univie.ac.at/apigate/stores/200/stockitems/300?call_back=http://swa-gabrielkovacs.cs.univie.ac.at/webhook/data,14,0,0,d36e3ce2-888c-42f6-96c9-5539a935c4cb
1603133801387,17,UC5 show stock report,202,HTTP/1.1 202,UC5 1-1,true,,381,0,1,5,http://swa-kovacs-vm1.cs.univie.ac.at/apigate/stores/200/stock-item-reports?call_back=http://swa-gabrielkovacs.cs.univie.ac.at/webhook/data,16,0,0,1cb284f0-7305-4bfd-9f6b-5a8372496896
1603133801389,22,UC6 delivery reports,202,HTTP/1.1 202,UC6 5-1,true,,380,0,1,5,http://swa-kovacs-vm1.cs.univie.ac.at/apigate/enterprises/901/delivery-reports?call_back=http://swa-gabrielkovacs.cs.univie.ac.at/webhook/data,22,0,0,133d3d0a-9127-494c-b069-8ec512ed1f9a
1603133801424,21,UC3 order products,202,HTTP/1.1 202,UC3 3-1,true,,416,0,1,5,http://swa-kovacs-vm1.cs.univie.ac.at/apigate/stores/201/orders?call_back=http://swa-gabrielkovacs.cs.univie.ac.at/webhook/data,20,0,0,deaeb89b-4ebe-4bd0-817d-64354d23f8d2
1603133801428,20,UC4 receive order,202,HTTP/1.1 202,UC4 4-1,true,,435,0,1,5,http://swa-kovacs-vm1.cs.univie.ac.at/apigate/stores/201/orders/113?call_back=http://swa-gabrielkovacs.cs.univie.ac.at/webhook/data,19,0,0,a59324ca-8965-42af-ba95-c5f8ac084d79
1603133801662,14,UC7 change price,202,HTTP/1.1 202,UC7 2-1,true,,481,0,1,5,http://swa-kovacs-vm1.cs.univie.ac.at/apigate/stores/200/stockitems/300?call_back=http://swa-gabrielkovacs.cs.univie.ac.at/webhook/data,13,0,0,dd0750a5-565e-4ee3-8e3c-7413cc2976db
1603133801704,20,UC5 show stock report,202,HTTP/1.1 202,UC5 1-1,true,,381,0,1,5,http://swa-kovacs-vm1.cs.univie.ac.at/apigate/stores/200/stock-item-reports?call_back=http://swa-gabrielkovacs.cs.univie.ac.at/webhook/data,19,0,0,c136b772-4781-46a8-9bed-f98a2e0ba19e
1603133801712,16,UC6 delivery reports,202,HTTP/1.1 202,UC6 5-1,true,,380,0,1,5,http://swa-kovacs-vm1.cs.univie.ac.at/apigate/enterprises/901/delivery-reports?call_back=http://swa-gabrielkovacs.cs.univie.ac.at/webhook/data,15,0,0,cc03481a-4375-4064-8ef3-a0bce744a30b
1603133801745,19,UC3 order products,202,HTTP/1.1 202,UC3 3-1,true,,416,0,1,5,http://swa-kovacs-vm1.cs.univie.ac.at/apigate/stores/201/orders?call_back=http://swa-gabrielkovacs.cs.univie.ac.at/webhook/data,18,0,0,dbaa6612-7e0e-48f0-83a3-1be431ac7a46
1603133801748,24,UC4 receive order,202,HTTP/1.1 202,UC4 4-1,true,,435,0,1,5,http://swa-kovacs-vm1.cs.univie.ac.at/apigate/stores/201/orders/113?call_back=http://swa-gabrielkovacs.cs.univie.ac.at/webhook/data,23,0,0,647a9070-776f-4ac5-a2dd-d69b25b68faa
1603133801976,14,UC7 change price,202,HTTP/1.1 202,UC7 2-1,true,,481,0,1,5,http://swa-kovacs-vm1.cs.univie.ac.at/apigate/stores/200/stockitems/300?call_back=http://swa-gabrielkovacs.cs.univie.ac.at/webhook/data,14,0,0,92c620ff-0430-4546-a776-a3f2ff2e7093
1603133802028,13,UC6 delivery reports,202,HTTP/1.1 202,UC6 5-1,true,,380,0,1,5,http://swa-kovacs-vm1.cs.univie.ac.at/apigate/enterprises/901/delivery-reports?call_back=http://swa-gabrielkovacs.cs.univie.ac.at/webhook/data,12,0,0,2f6ba0de-6e6d-47f1-9dec-49a2b066c942
1603133802025,20,UC5 show stock report,202,HTTP/1.1 202,UC5 1-1,true,,381,0,1,5,http://swa-kovacs-vm1.cs.univie.ac.at/apigate/stores/200/stock-item-reports?call_back=http://swa-gabrielkovacs.cs.univie.ac.at/webhook/data,19,0,0,1337d100-1e99-4809-9e77-ffeab2665174
1603133802065,19,UC3 order products,202,HTTP/1.1 202,UC3 3-1,true,,416,0,1,5,http://swa-kovacs-vm1.cs.univie.ac.at/apigate/stores/201/orders?call_back=http://swa-gabrielkovacs.cs.univie.ac.at/webhook/data,18,0,0,f74aa7d7-df67-423f-ac54-d5ff6286a74b
1603133802072,17,UC4 receive order,202,HTTP/1.1 202,UC4 4-1,true,,435,0,1,5,http://swa-kovacs-vm1.cs.univie.ac.at/apigate/stores/201/orders/113?call_back=http://swa-gabrielkovacs.cs.univie.ac.at/webhook/data,16,0,0,52a029eb-cd5b-4806-8db0-777ae1d79e56
1603133802291,16,UC7 change price,202,HTTP/1.1 202,UC7 2-1,true,,481,0,1,5,http://swa-kovacs-vm1.cs.univie.ac.at/apigate/stores/200/stockitems/300?call_back=http://swa-gabrielkovacs.cs.univie.ac.at/webhook/data,15,0,0,e4348d01-9c1f-4748-95a4-42eace0e9d1b
1603133802342,19,UC6 delivery reports,202,HTTP/1.1 202,UC6 5-1,true,,380,0,1,5,http://swa-kovacs-vm1.cs.univie.ac.at/apigate/enterprises/901/delivery-reports?call_back=http://swa-gabrielkovacs.cs.univie.ac.at/webhook/data,18,0,0,312cb627-4155-40f3-a81c-0ac2993c1343
1603133802345,20,UC5 show stock report,202,HTTP/1.1 202,UC5 1-1,true,,381,0,1,5,http://swa-kovacs-vm1.cs.univie.ac.at/apigate/stores/200/stock-item-reports?call_back=http://swa-gabrielkovacs.cs.univie.ac.at/webhook/data,20,0,0,7a0868b9-1e3b-4c88-81dd-8268138cfab9
1603133802390,14,UC4 receive order,202,HTTP/1.1 202,UC4 4-1,true,,435,0,1,5,http://swa-kovacs-vm1.cs.univie.ac.at/apigate/stores/201/orders/113?call_back=http://swa-gabrielkovacs.cs.univie.ac.at/webhook/data,14,0,0,d59795b0-3cb5-4517-9e04-408778417050
1603133802385,22,UC3 order products,202,HTTP/1.1 202,UC3 3-1,true,,416,0,1,5,http://swa-kovacs-vm1.cs.univie.ac.at/apigate/stores/201/orders?call_back=http://swa-gabrielkovacs.cs.univie.ac.at/webhook/data,21,0,0,f31e6535-2f99-4433-aa8b-98b85402d222
1603133802608,15,UC7 change price,202,HTTP/1.1 202,UC7 2-1,true,,481,0,1,5,http://swa-kovacs-vm1.cs.univie.ac.at/apigate/stores/200/stockitems/300?call_back=http://swa-gabrielkovacs.cs.univie.ac.at/webhook/data,15,0,0,b0ee737c-db5b-449b-96b7-c95a3b1a6ebb
1603133802661,23,UC6 delivery reports,202,HTTP/1.1 202,UC6 5-1,true,,380,0,1,5,http://swa-kovacs-vm1.cs.univie.ac.at/apigate/enterprises/901/delivery-reports?call_back=http://swa-gabrielkovacs.cs.univie.ac.at/webhook/data,23,0,0,4331c1b2-ca06-4c70-a083-467848ce95cf
1603133802666,23,UC5 show stock report,202,HTTP/1.1 202,UC5 1-1,true,,381,0,1,5,http://swa-kovacs-vm1.cs.univie.ac.at/apigate/stores/200/stock-item-reports?call_back=http://swa-gabrielkovacs.cs.univie.ac.at/webhook/data,23,0,0,fe29741c-439a-4466-868c-92038737f382
1603133802704,24,UC4 receive order,202,HTTP/1.1 202,UC4 4-1,true,,435,0,1,5,http://swa-kovacs-vm1.cs.univie.ac.at/apigate/stores/201/orders/113?call_back=http://swa-gabrielkovacs.cs.univie.ac.at/webhook/data,24,0,0,eb4a9e70-a9f7-4651-90c3-b2a07f15b8ae
1603133802707,26,UC3 order products,202,HTTP/1.1 202,UC3 3-1,true,,416,0,1,5,http://swa-kovacs-vm1.cs.univie.ac.at/apigate/stores/201/orders?call_back=http://swa-gabrielkovacs.cs.univie.ac.at/webhook/data,24,0,0,7b3176f6-a470-463d-b11d-d87152e4a518
1603133802924,15,UC7 change price,202,HTTP/1.1 202,UC7 2-1,true,,481,0,1,5,http://swa-kovacs-vm1.cs.univie.ac.at/apigate/stores/200/stockitems/300?call_back=http://swa-gabrielkovacs.cs.univie.ac.at/webhook/data,15,0,0,d65b5a2f-2aa8-4360-a3be-6dd4414f260f
1603133802985,14,UC6 delivery reports,202,HTTP/1.1 202,UC6 5-1,true,,380,0,1,5,http://swa-kovacs-vm1.cs.univie.ac.at/apigate/enterprises/901/delivery-reports?call_back=http://swa-gabrielkovacs.cs.univie.ac.at/webhook/data,14,0,0,27e19512-5002-4579-b0fb-ae891b73b442
1603133802990,15,UC5 show stock report,202,HTTP/1.1 202,UC5 1-1,true,,381,0,1,5,http://swa-kovacs-vm1.cs.univie.ac.at/apigate/stores/200/stock-item-reports?call_back=http://swa-gabrielkovacs.cs.univie.ac.at/webhook/data,14,0,0,7548120e-8d5f-4daf-bb06-0529cc6e7e42
1603133803028,21,UC4 receive order,202,HTTP/1.1 202,UC4 4-1,true,,435,0,1,5,http://swa-kovacs-vm1.cs.univie.ac.at/apigate/stores/201/orders/113?call_back=http://swa-gabrielkovacs.cs.univie.ac.at/webhook/data,20,0,0,8392b08f-fa7c-4a0e-bc6b-e006f990b9ef
1603133803033,19,UC3 order products,202,HTTP/1.1 202,UC3 3-1,true,,416,0,1,5,http://swa-kovacs-vm1.cs.univie.ac.at/apigate/stores/201/orders?call_back=http://swa-gabrielkovacs.cs.univie.ac.at/webhook/data,19,0,0,ea6d854d-3050-4e29-be10-7bd71eccbd71
1603133803240,16,UC7 change price,202,HTTP/1.1 202,UC7 2-1,true,,481,0,1,5,http://swa-kovacs-vm1.cs.univie.ac.at/apigate/stores/200/stockitems/300?call_back=http://swa-gabrielkovacs.cs.univie.ac.at/webhook/data,15,0,0,8c0990c6-4713-448f-b547-ac71d2d52df5
1603133803300,17,UC6 delivery reports,202,HTTP/1.1 202,UC6 5-1,true,,380,0,1,5,http://swa-kovacs-vm1.cs.univie.ac.at/apigate/enterprises/901/delivery-reports?call_back=http://swa-gabrielkovacs.cs.univie.ac.at/webhook/data,16,0,0,4f8da406-f6c4-4260-ae37-909dd1af5a0a
1603133803305,17,UC5 show stock report,202,HTTP/1.1 202,UC5 1-1,true,,381,0,1,5,http://swa-kovacs-vm1.cs.univie.ac.at/apigate/stores/200/stock-item-reports?call_back=http://swa-gabrielkovacs.cs.univie.ac.at/webhook/data,17,0,0,895a30a6-f4a0-41a5-9991-566ab726d195
1603133803349,18,UC4 receive order,202,HTTP/1.1 202,UC4 4-1,true,,435,0,1,5,http://swa-kovacs-vm1.cs.univie.ac.at/apigate/stores/201/orders/113?call_back=http://swa-gabrielkovacs.cs.univie.ac.at/webhook/data,18,0,0,6dc50808-3525-47da-ae80-afe342f3bda1
1603133803352,19,UC3 order products,202,HTTP/1.1 202,UC3 3-1,true,,411,0,1,5,http://swa-kovacs-vm1.cs.univie.ac.at/apigate/stores/201/orders?call_back=http://swa-gabrielkovacs.cs.univie.ac.at/webhook/data,18,0,0,f243a861-acbf-4f1a-95a3-9037e5d6889f
1603133803557,16,UC7 change price,202,HTTP/1.1 202,UC7 2-1,true,,481,0,1,5,http://swa-kovacs-vm1.cs.univie.ac.at/apigate/stores/200/stockitems/300?call_back=http://swa-gabrielkovacs.cs.univie.ac.at/webhook/data,15,0,0,6df09be2-424a-43cc-a25d-e5de86eb42d0
1603133803617,19,UC6 delivery reports,202,HTTP/1.1 202,UC6 5-1,true,,380,0,1,5,http://swa-kovacs-vm1.cs.univie.ac.at/apigate/enterprises/901/delivery-reports?call_back=http://swa-gabrielkovacs.cs.univie.ac.at/webhook/data,18,0,0,7d41415e-a1d1-4174-ba85-b851bb8ed66e
1603133803623,21,UC5 show stock report,202,HTTP/1.1 202,UC5 1-1,true,,381,0,1,5,http://swa-kovacs-vm1.cs.univie.ac.at/apigate/stores/200/stock-item-reports?call_back=http://swa-gabrielkovacs.cs.univie.ac.at/webhook/data,20,0,0,3a3ae594-1d70-4d25-a6b4-9eb996aa9b68
1603133803668,16,UC4 receive order,202,HTTP/1.1 202,UC4 4-1,true,,435,0,1,5,http://swa-kovacs-vm1.cs.univie.ac.at/apigate/stores/201/orders/113?call_back=http://swa-gabrielkovacs.cs.univie.ac.at/webhook/data,16,0,0,e5aebfe6-1e1d-407a-b359-605c18a3fca1
1603133803671,17,UC3 order products,202,HTTP/1.1 202,UC3 3-1,true,,416,0,1,5,http://swa-kovacs-vm1.cs.univie.ac.at/apigate/stores/201/orders?call_back=http://swa-gabrielkovacs.cs.univie.ac.at/webhook/data,16,0,0,733ea987-c236-448c-8c84-6f5383d0c4a8
1603133803874,16,UC7 change price,202,HTTP/1.1 202,UC7 2-1,true,,481,0,1,5,http://swa-kovacs-vm1.cs.univie.ac.at/apigate/stores/200/stockitems/300?call_back=http://swa-gabrielkovacs.cs.univie.ac.at/webhook/data,15,0,0,972fde22-5de1-447a-b7ac-b3838ba1f2e0
1603133803936,18,UC6 delivery reports,202,HTTP/1.1 202,UC6 5-1,true,,380,0,1,5,http://swa-kovacs-vm1.cs.univie.ac.at/apigate/enterprises/901/delivery-reports?call_back=http://swa-gabrielkovacs.cs.univie.ac.at/webhook/data,16,0,0,df6529e1-0181-40f6-9a84-6b92094e4a9a
1603133803945,15,UC5 show stock report,202,HTTP/1.1 202,UC5 1-1,true,,381,0,1,5,http://swa-kovacs-vm1.cs.univie.ac.at/apigate/stores/200/stock-item-reports?call_back=http://swa-gabrielkovacs.cs.univie.ac.at/webhook/data,15,0,0,3513dcf7-dc7d-411e-8757-4ea8ec7cf2d5
1603133803984,20,UC4 receive order,202,HTTP/1.1 202,UC4 4-1,true,,435,0,1,5,http://swa-kovacs-vm1.cs.univie.ac.at/apigate/stores/201/orders/113?call_back=http://swa-gabrielkovacs.cs.univie.ac.at/webhook/data,19,0,0,1441480f-cfcd-4deb-b6fd-6bed5d8c1fc8
1603133803988,24,UC3 order products,202,HTTP/1.1 202,UC3 3-1,true,,416,0,1,5,http://swa-kovacs-vm1.cs.univie.ac.at/apigate/stores/201/orders?call_back=http://swa-gabrielkovacs.cs.univie.ac.at/webhook/data,23,0,0,5457ea83-823a-4f28-8500-852dbd064670
1603133804190,15,UC7 change price,202,HTTP/1.1 202,UC7 2-1,true,,481,0,1,5,http://swa-kovacs-vm1.cs.univie.ac.at/apigate/stores/200/stockitems/300?call_back=http://swa-gabrielkovacs.cs.univie.ac.at/webhook/data,14,0,0,7ad85fcf-80dc-4997-9062-4bd16ac97627
1603133804260,17,UC5 show stock report,202,HTTP/1.1 202,UC5 1-1,true,,381,0,1,5,http://swa-kovacs-vm1.cs.univie.ac.at/apigate/stores/200/stock-item-reports?call_back=http://swa-gabrielkovacs.cs.univie.ac.at/webhook/data,17,0,0,74b3c727-8ad1-48a3-924f-4b9469381404
1603133804254,23,UC6 delivery reports,202,HTTP/1.1 202,UC6 5-1,true,,380,0,1,5,http://swa-kovacs-vm1.cs.univie.ac.at/apigate/enterprises/901/delivery-reports?call_back=http://swa-gabrielkovacs.cs.univie.ac.at/webhook/data,21,0,0,f22aa3a8-dbe8-4dd1-8159-6fdf00b00bc1
1603133804304,19,UC4 receive order,202,HTTP/1.1 202,UC4 4-1,true,,435,0,1,5,http://swa-kovacs-vm1.cs.univie.ac.at/apigate/stores/201/orders/113?call_back=http://swa-gabrielkovacs.cs.univie.ac.at/webhook/data,19,0,0,86415e14-7e61-4fca-9827-c2162be9cdfb
1603133804312,14,UC3 order products,202,HTTP/1.1 202,UC3 3-1,true,,416,0,1,5,http://swa-kovacs-vm1.cs.univie.ac.at/apigate/stores/201/orders?call_back=http://swa-gabrielkovacs.cs.univie.ac.at/webhook/data,13,0,0,59bb7bc9-16bc-4c5a-8b44-747ad39e8771
1603133804505,15,UC7 change price,202,HTTP/1.1 202,UC7 2-1,true,,481,0,1,5,http://swa-kovacs-vm1.cs.univie.ac.at/apigate/stores/200/stockitems/300?call_back=http://swa-gabrielkovacs.cs.univie.ac.at/webhook/data,14,0,0,3c45b294-7212-48c5-98ac-0eb1253b648d
1603133804578,17,UC6 delivery reports,202,HTTP/1.1 202,UC6 5-1,true,,380,0,1,5,http://swa-kovacs-vm1.cs.univie.ac.at/apigate/enterprises/901/delivery-reports?call_back=http://swa-gabrielkovacs.cs.univie.ac.at/webhook/data,16,0,0,146bcb0d-f858-46e9-939e-13b3d5f50a62
1603133804577,23,UC5 show stock report,202,HTTP/1.1 202,UC5 1-1,true,,381,0,1,5,http://swa-kovacs-vm1.cs.univie.ac.at/apigate/stores/200/stock-item-reports?call_back=http://swa-gabrielkovacs.cs.univie.ac.at/webhook/data,23,0,0,cb161d1e-1762-4b4f-a589-0cadca4d5291
1603133804623,15,UC4 receive order,202,HTTP/1.1 202,UC4 4-1,true,,435,0,1,5,http://swa-kovacs-vm1.cs.univie.ac.at/apigate/stores/201/orders/113?call_back=http://swa-gabrielkovacs.cs.univie.ac.at/webhook/data,14,0,0,755524ca-6d26-46db-98cf-530741a13223
1603133804626,18,UC3 order products,202,HTTP/1.1 202,UC3 3-1,true,,416,0,1,5,http://swa-kovacs-vm1.cs.univie.ac.at/apigate/stores/201/orders?call_back=http://swa-gabrielkovacs.cs.univie.ac.at/webhook/data,18,0,0,f5232eab-bab2-43bd-ab7e-031a8fb1bb48
1603133804821,14,UC7 change price,202,HTTP/1.1 202,UC7 2-1,true,,481,0,1,5,http://swa-kovacs-vm1.cs.univie.ac.at/apigate/stores/200/stockitems/300?call_back=http://swa-gabrielkovacs.cs.univie.ac.at/webhook/data,13,0,0,fe3cdf34-9626-4529-8029-352d8f8800b1
1603133804896,18,UC6 delivery reports,202,HTTP/1.1 202,UC6 5-1,true,,380,0,1,5,http://swa-kovacs-vm1.cs.univie.ac.at/apigate/enterprises/901/delivery-reports?call_back=http://swa-gabrielkovacs.cs.univie.ac.at/webhook/data,18,0,0,a410d246-8f63-4568-9277-329255ef069e
1603133804900,18,UC5 show stock report,202,HTTP/1.1 202,UC5 1-1,true,,381,0,1,5,http://swa-kovacs-vm1.cs.univie.ac.at/apigate/stores/200/stock-item-reports?call_back=http://swa-gabrielkovacs.cs.univie.ac.at/webhook/data,17,0,0,45ea46e6-273b-4f30-86c0-2124a8b50bcf
1603133804939,18,UC4 receive order,202,HTTP/1.1 202,UC4 4-1,true,,435,0,1,5,http://swa-kovacs-vm1.cs.univie.ac.at/apigate/stores/201/orders/113?call_back=http://swa-gabrielkovacs.cs.univie.ac.at/webhook/data,18,0,0,a770be40-3fec-4f65-ad02-50d19d5c1218
1603133804945,16,UC3 order products,202,HTTP/1.1 202,UC3 3-1,true,,416,0,1,5,http://swa-kovacs-vm1.cs.univie.ac.at/apigate/stores/201/orders?call_back=http://swa-gabrielkovacs.cs.univie.ac.at/webhook/data,15,0,0,287dc7ba-7acd-427c-9f10-5f63ff0f3c7d
1603133805136,16,UC7 change price,202,HTTP/1.1 202,UC7 2-1,true,,481,0,1,5,http://swa-kovacs-vm1.cs.univie.ac.at/apigate/stores/200/stockitems/300?call_back=http://swa-gabrielkovacs.cs.univie.ac.at/webhook/data,14,0,0,78ebbaac-b95a-4541-80a9-dd776aa3d128
1603133805214,20,UC6 delivery reports,202,HTTP/1.1 202,UC6 5-1,true,,380,0,1,5,http://swa-kovacs-vm1.cs.univie.ac.at/apigate/enterprises/901/delivery-reports?call_back=http://swa-gabrielkovacs.cs.univie.ac.at/webhook/data,19,0,0,e5bb3f08-5f3b-4816-9a01-df58270a9910
1603133805218,17,UC5 show stock report,202,HTTP/1.1 202,UC5 1-1,true,,381,0,1,5,http://swa-kovacs-vm1.cs.univie.ac.at/apigate/stores/200/stock-item-reports?call_back=http://swa-gabrielkovacs.cs.univie.ac.at/webhook/data,15,0,0,d19aec79-5dc2-4e5c-8a3d-3840e799c9ec
1603133805257,18,UC4 receive order,202,HTTP/1.1 202,UC4 4-1,true,,435,0,1,5,http://swa-kovacs-vm1.cs.univie.ac.at/apigate/stores/201/orders/113?call_back=http://swa-gabrielkovacs.cs.univie.ac.at/webhook/data,18,0,0,c98c6192-b477-4bc1-b48b-1d094b0a3284
1603133805261,18,UC3 order products,202,HTTP/1.1 202,UC3 3-1,true,,416,0,1,5,http://swa-kovacs-vm1.cs.univie.ac.at/apigate/stores/201/orders?call_back=http://swa-gabrielkovacs.cs.univie.ac.at/webhook/data,18,0,0,6de3022b-b8d5-4f85-b446-16b290d6d21b
1603133805452,16,UC7 change price,202,HTTP/1.1 202,UC7 2-1,true,,481,0,1,5,http://swa-kovacs-vm1.cs.univie.ac.at/apigate/stores/200/stockitems/300?call_back=http://swa-gabrielkovacs.cs.univie.ac.at/webhook/data,16,0,0,cfb5a04b-c46d-413a-90cd-a5e0fbf29ee8
1603133805534,17,UC6 delivery reports,202,HTTP/1.1 202,UC6 5-1,true,,380,0,1,5,http://swa-kovacs-vm1.cs.univie.ac.at/apigate/enterprises/901/delivery-reports?call_back=http://swa-gabrielkovacs.cs.univie.ac.at/webhook/data,17,0,0,8d9b29c9-76d8-4b63-b309-ccabafbf167c
1603133805535,24,UC5 show stock report,202,HTTP/1.1 202,UC5 1-1,true,,381,0,1,5,http://swa-kovacs-vm1.cs.univie.ac.at/apigate/stores/200/stock-item-reports?call_back=http://swa-gabrielkovacs.cs.univie.ac.at/webhook/data,24,0,0,499206bb-944e-4c28-8d26-79ff2aa1c08b
1603133805575,18,UC4 receive order,202,HTTP/1.1 202,UC4 4-1,true,,435,0,1,5,http://swa-kovacs-vm1.cs.univie.ac.at/apigate/stores/201/orders/113?call_back=http://swa-gabrielkovacs.cs.univie.ac.at/webhook/data,18,0,0,a2daf530-8a15-499c-8b49-8b2a550e056a
1603133805579,15,UC3 order products,202,HTTP/1.1 202,UC3 3-1,true,,416,0,1,5,http://swa-kovacs-vm1.cs.univie.ac.at/apigate/stores/201/orders?call_back=http://swa-gabrielkovacs.cs.univie.ac.at/webhook/data,13,0,0,0b6f479e-b28d-42b5-af53-0bf9f498ecc0
1603133805768,23,UC7 change price,202,HTTP/1.1 202,UC7 2-1,true,,481,0,1,5,http://swa-kovacs-vm1.cs.univie.ac.at/apigate/stores/200/stockitems/300?call_back=http://swa-gabrielkovacs.cs.univie.ac.at/webhook/data,23,0,0,1c393d83-3589-4e63-9b22-d3db4413dc35
1603133805851,17,UC6 delivery reports,202,HTTP/1.1 202,UC6 5-1,true,,380,0,1,5,http://swa-kovacs-vm1.cs.univie.ac.at/apigate/enterprises/901/delivery-reports?call_back=http://swa-gabrielkovacs.cs.univie.ac.at/webhook/data,16,0,0,56a610d2-165d-4342-91e9-93aa4ca3bade
1603133805859,15,UC5 show stock report,202,HTTP/1.1 202,UC5 1-1,true,,381,0,1,5,http://swa-kovacs-vm1.cs.univie.ac.at/apigate/stores/200/stock-item-reports?call_back=http://swa-gabrielkovacs.cs.univie.ac.at/webhook/data,14,0,0,1a3c16e9-997a-48c0-9de0-fa60dcfd6ec7
1603133805893,15,UC4 receive order,202,HTTP/1.1 202,UC4 4-1,true,,435,0,1,5,http://swa-kovacs-vm1.cs.univie.ac.at/apigate/stores/201/orders/113?call_back=http://swa-gabrielkovacs.cs.univie.ac.at/webhook/data,15,0,0,98ddbd3c-0832-4060-900b-c0baeafe229f
1603133805894,19,UC3 order products,202,HTTP/1.1 202,UC3 3-1,true,,416,0,1,5,http://swa-kovacs-vm1.cs.univie.ac.at/apigate/stores/201/orders?call_back=http://swa-gabrielkovacs.cs.univie.ac.at/webhook/data,19,0,0,293d2000-f0c6-4ce1-91ab-4b2619cd38e4
1603133806092,16,UC7 change price,202,HTTP/1.1 202,UC7 2-1,true,,481,0,1,5,http://swa-kovacs-vm1.cs.univie.ac.at/apigate/stores/200/stockitems/300?call_back=http://swa-gabrielkovacs.cs.univie.ac.at/webhook/data,15,0,0,6b902d6e-78ba-466a-8bf2-4776c61f613d
1603133806168,16,UC6 delivery reports,202,HTTP/1.1 202,UC6 5-1,true,,380,0,1,5,http://swa-kovacs-vm1.cs.univie.ac.at/apigate/enterprises/901/delivery-reports?call_back=http://swa-gabrielkovacs.cs.univie.ac.at/webhook/data,15,0,0,d27bc360-c679-4ace-9a99-ffbb90042825
1603133806174,17,UC5 show stock report,202,HTTP/1.1 202,UC5 1-1,true,,381,0,1,5,http://swa-kovacs-vm1.cs.univie.ac.at/apigate/stores/200/stock-item-reports?call_back=http://swa-gabrielkovacs.cs.univie.ac.at/webhook/data,15,0,0,332422fc-dc0d-425e-a4f8-3d7bc1f9e028
1603133806214,16,UC3 order products,202,HTTP/1.1 202,UC3 3-1,true,,416,0,1,5,http://swa-kovacs-vm1.cs.univie.ac.at/apigate/stores/201/orders?call_back=http://swa-gabrielkovacs.cs.univie.ac.at/webhook/data,16,0,0,2bda9ff1-ed89-4af9-906c-ae04d3e92c2a
1603133806208,24,UC4 receive order,202,HTTP/1.1 202,UC4 4-1,true,,435,0,1,5,http://swa-kovacs-vm1.cs.univie.ac.at/apigate/stores/201/orders/113?call_back=http://swa-gabrielkovacs.cs.univie.ac.at/webhook/data,24,0,0,676d8ea9-3d84-43aa-b308-46f2284eb355
1603133806408,22,UC7 change price,202,HTTP/1.1 202,UC7 2-1,true,,481,0,1,5,http://swa-kovacs-vm1.cs.univie.ac.at/apigate/stores/200/stockitems/300?call_back=http://swa-gabrielkovacs.cs.univie.ac.at/webhook/data,21,0,0,23db3682-14d7-4af3-8a2b-a6cffb7e26d0
1603133806484,16,UC6 delivery reports,202,HTTP/1.1 202,UC6 5-1,true,,380,0,1,5,http://swa-kovacs-vm1.cs.univie.ac.at/apigate/enterprises/901/delivery-reports?call_back=http://swa-gabrielkovacs.cs.univie.ac.at/webhook/data,16,0,0,25f559d0-f981-481d-a389-14f1e7f4fb54
1603133806491,18,UC5 show stock report,202,HTTP/1.1 202,UC5 1-1,true,,381,0,1,5,http://swa-kovacs-vm1.cs.univie.ac.at/apigate/stores/200/stock-item-reports?call_back=http://swa-gabrielkovacs.cs.univie.ac.at/webhook/data,18,0,0,8e90d05a-a231-43be-96b6-5a0a59caa15f
1603133806531,17,UC3 order products,202,HTTP/1.1 202,UC3 3-1,true,,416,0,1,5,http://swa-kovacs-vm1.cs.univie.ac.at/apigate/stores/201/orders?call_back=http://swa-gabrielkovacs.cs.univie.ac.at/webhook/data,17,0,0,dbcb60fb-c655-42de-ae3b-85bb06d93c1e
1603133806532,20,UC4 receive order,202,HTTP/1.1 202,UC4 4-1,true,,435,0,1,5,http://swa-kovacs-vm1.cs.univie.ac.at/apigate/stores/201/orders/113?call_back=http://swa-gabrielkovacs.cs.univie.ac.at/webhook/data,19,0,0,0f48512b-d8d3-4ead-87ed-b653c15077b9
1603133806730,14,UC7 change price,202,HTTP/1.1 202,UC7 2-1,true,,481,0,1,5,http://swa-kovacs-vm1.cs.univie.ac.at/apigate/stores/200/stockitems/300?call_back=http://swa-gabrielkovacs.cs.univie.ac.at/webhook/data,14,0,0,5774a0a3-f609-4938-af3a-375622f50336
1603133806801,15,UC6 delivery reports,202,HTTP/1.1 202,UC6 5-1,true,,380,0,1,5,http://swa-kovacs-vm1.cs.univie.ac.at/apigate/enterprises/901/delivery-reports?call_back=http://swa-gabrielkovacs.cs.univie.ac.at/webhook/data,15,0,0,c975b8f0-7bd6-40a8-928a-9e58e10325e0
1603133806810,14,UC5 show stock report,202,HTTP/1.1 202,UC5 1-1,true,,381,0,1,5,http://swa-kovacs-vm1.cs.univie.ac.at/apigate/stores/200/stock-item-reports?call_back=http://swa-gabrielkovacs.cs.univie.ac.at/webhook/data,14,0,0,346c643a-6d32-4943-be2a-bc1cd6d5389a
1603133806849,14,UC3 order products,202,HTTP/1.1 202,UC3 3-1,true,,416,0,1,5,http://swa-kovacs-vm1.cs.univie.ac.at/apigate/stores/201/orders?call_back=http://swa-gabrielkovacs.cs.univie.ac.at/webhook/data,13,0,0,ac49b14e-c2d7-440d-8661-9e8c82fa9ff8
1603133806852,18,UC4 receive order,202,HTTP/1.1 202,UC4 4-1,true,,435,0,1,5,http://swa-kovacs-vm1.cs.univie.ac.at/apigate/stores/201/orders/113?call_back=http://swa-gabrielkovacs.cs.univie.ac.at/webhook/data,18,0,0,ae6091bc-f4bb-4e61-ba4d-a727eb259ec8
1603133807045,17,UC7 change price,202,HTTP/1.1 202,UC7 2-1,true,,481,0,1,5,http://swa-kovacs-vm1.cs.univie.ac.at/apigate/stores/200/stockitems/300?call_back=http://swa-gabrielkovacs.cs.univie.ac.at/webhook/data,15,0,0,ea7dbc4a-a8a6-4a3b-8eca-30d64c75cd1c
1603133807117,15,UC6 delivery reports,202,HTTP/1.1 202,UC6 5-1,true,,380,0,1,5,http://swa-kovacs-vm1.cs.univie.ac.at/apigate/enterprises/901/delivery-reports?call_back=http://swa-gabrielkovacs.cs.univie.ac.at/webhook/data,15,0,0,b05c2143-0ba1-484a-b14a-ef48e8934fc0
1603133807125,14,UC5 show stock report,202,HTTP/1.1 202,UC5 1-1,true,,381,0,1,5,http://swa-kovacs-vm1.cs.univie.ac.at/apigate/stores/200/stock-item-reports?call_back=http://swa-gabrielkovacs.cs.univie.ac.at/webhook/data,14,0,0,3ee0ba88-7f21-4258-9228-b8a0056eae7e
1603133807163,15,UC3 order products,202,HTTP/1.1 202,UC3 3-1,true,,416,0,1,5,http://swa-kovacs-vm1.cs.univie.ac.at/apigate/stores/201/orders?call_back=http://swa-gabrielkovacs.cs.univie.ac.at/webhook/data,15,0,0,38b9df4d-e9b9-4324-a018-e0964d14caaa
1603133807170,18,UC4 receive order,202,HTTP/1.1 202,UC4 4-1,true,,435,0,1,5,http://swa-kovacs-vm1.cs.univie.ac.at/apigate/stores/201/orders/113?call_back=http://swa-gabrielkovacs.cs.univie.ac.at/webhook/data,17,0,0,2e63a796-0a7d-49e6-8213-d3cb1ab4ca43
1603133807362,14,UC7 change price,202,HTTP/1.1 202,UC7 2-1,true,,481,0,1,5,http://swa-kovacs-vm1.cs.univie.ac.at/apigate/stores/200/stockitems/300?call_back=http://swa-gabrielkovacs.cs.univie.ac.at/webhook/data,14,0,0,c914a0a5-68f4-43bb-bd10-9283631476b0
1603133807432,16,UC6 delivery reports,202,HTTP/1.1 202,UC6 5-1,true,,380,0,1,5,http://swa-kovacs-vm1.cs.univie.ac.at/apigate/enterprises/901/delivery-reports?call_back=http://swa-gabrielkovacs.cs.univie.ac.at/webhook/data,16,0,0,f107d8e3-1b11-4bfd-a861-2e3d05a265c5
1603133807440,14,UC5 show stock report,202,HTTP/1.1 202,UC5 1-1,true,,381,0,1,5,http://swa-kovacs-vm1.cs.univie.ac.at/apigate/stores/200/stock-item-reports?call_back=http://swa-gabrielkovacs.cs.univie.ac.at/webhook/data,14,0,0,40503029-f78f-4e47-bb5f-5b246277f442
1603133807479,16,UC3 order products,202,HTTP/1.1 202,UC3 3-1,true,,416,0,1,5,http://swa-kovacs-vm1.cs.univie.ac.at/apigate/stores/201/orders?call_back=http://swa-gabrielkovacs.cs.univie.ac.at/webhook/data,16,0,0,afeb2a32-f203-4581-8837-30e5ba1cfc5d
1603133807488,17,UC4 receive order,202,HTTP/1.1 202,UC4 4-1,true,,435,0,1,5,http://swa-kovacs-vm1.cs.univie.ac.at/apigate/stores/201/orders/113?call_back=http://swa-gabrielkovacs.cs.univie.ac.at/webhook/data,17,0,0,a97130a3-cdce-4919-b286-2777299ff789
1603133807677,14,UC7 change price,202,HTTP/1.1 202,UC7 2-1,true,,481,0,1,5,http://swa-kovacs-vm1.cs.univie.ac.at/apigate/stores/200/stockitems/300?call_back=http://swa-gabrielkovacs.cs.univie.ac.at/webhook/data,13,0,0,8ece813a-b959-4d75-a1db-074e68f8bced
1603133807749,16,UC6 delivery reports,202,HTTP/1.1 202,UC6 5-1,true,,380,0,1,5,http://swa-kovacs-vm1.cs.univie.ac.at/apigate/enterprises/901/delivery-reports?call_back=http://swa-gabrielkovacs.cs.univie.ac.at/webhook/data,16,0,0,e5333d1e-9c23-4109-8ddf-ab3bbcfff888
1603133807754,17,UC5 show stock report,202,HTTP/1.1 202,UC5 1-1,true,,381,0,1,5,http://swa-kovacs-vm1.cs.univie.ac.at/apigate/stores/200/stock-item-reports?call_back=http://swa-gabrielkovacs.cs.univie.ac.at/webhook/data,16,0,0,a6a0cb4e-731b-4adf-89cd-2c451a99e643
1603133807796,19,UC3 order products,202,HTTP/1.1 202,UC3 3-1,true,,416,0,1,5,http://swa-kovacs-vm1.cs.univie.ac.at/apigate/stores/201/orders?call_back=http://swa-gabrielkovacs.cs.univie.ac.at/webhook/data,17,0,0,c9dc2660-cc42-49d6-a508-bd463bd1338b
1603133807806,15,UC4 receive order,202,HTTP/1.1 202,UC4 4-1,true,,435,0,1,5,http://swa-kovacs-vm1.cs.univie.ac.at/apigate/stores/201/orders/113?call_back=http://swa-gabrielkovacs.cs.univie.ac.at/webhook/data,14,0,0,c1979fea-af29-4498-9e9d-f621793474a5
1603133807991,14,UC7 change price,202,HTTP/1.1 202,UC7 2-1,true,,481,0,1,5,http://swa-kovacs-vm1.cs.univie.ac.at/apigate/stores/200/stockitems/300?call_back=http://swa-gabrielkovacs.cs.univie.ac.at/webhook/data,14,0,0,b8363970-933c-4391-bde6-63d09570b021
1603133808065,19,UC6 delivery reports,202,HTTP/1.1 202,UC6 5-1,true,,380,0,1,5,http://swa-kovacs-vm1.cs.univie.ac.at/apigate/enterprises/901/delivery-reports?call_back=http://swa-gabrielkovacs.cs.univie.ac.at/webhook/data,19,0,0,d38af1e0-357d-4520-abd8-27c24ae4e4c5
1603133808070,19,UC5 show stock report,202,HTTP/1.1 202,UC5 1-1,true,,381,0,1,5,http://swa-kovacs-vm1.cs.univie.ac.at/apigate/stores/200/stock-item-reports?call_back=http://swa-gabrielkovacs.cs.univie.ac.at/webhook/data,19,0,0,b11e432c-4886-4b2d-8b68-7ccc810428ee
1603133808114,22,UC3 order products,202,HTTP/1.1 202,UC3 3-1,true,,416,0,1,5,http://swa-kovacs-vm1.cs.univie.ac.at/apigate/stores/201/orders?call_back=http://swa-gabrielkovacs.cs.univie.ac.at/webhook/data,21,0,0,d79cfd78-2b2c-4a94-a4c4-fb49b8806039
1603133808120,18,UC4 receive order,202,HTTP/1.1 202,UC4 4-1,true,,435,0,1,5,http://swa-kovacs-vm1.cs.univie.ac.at/apigate/stores/201/orders/113?call_back=http://swa-gabrielkovacs.cs.univie.ac.at/webhook/data,17,0,0,d2ebdc51-066a-4b0e-b4d3-76f20406fbd3
1603133808306,16,UC7 change price,202,HTTP/1.1 202,UC7 2-1,true,,481,0,1,5,http://swa-kovacs-vm1.cs.univie.ac.at/apigate/stores/200/stockitems/300?call_back=http://swa-gabrielkovacs.cs.univie.ac.at/webhook/data,16,0,0,3caa8e5a-0edc-45d1-955a-aa2d441f7e88
1603133808390,16,UC5 show stock report,202,HTTP/1.1 202,UC5 1-1,true,,381,0,1,5,http://swa-kovacs-vm1.cs.univie.ac.at/apigate/stores/200/stock-item-reports?call_back=http://swa-gabrielkovacs.cs.univie.ac.at/webhook/data,16,0,0,01dc26b9-04bb-492c-9903-fdd9100e2fef
1603133808384,23,UC6 delivery reports,202,HTTP/1.1 202,UC6 5-1,true,,380,0,1,5,http://swa-kovacs-vm1.cs.univie.ac.at/apigate/enterprises/901/delivery-reports?call_back=http://swa-gabrielkovacs.cs.univie.ac.at/webhook/data,23,0,0,3a10d19f-9379-41a5-96c0-86dee55878e7
1603133808436,19,UC3 order products,202,HTTP/1.1 202,UC3 3-1,true,,416,0,1,5,http://swa-kovacs-vm1.cs.univie.ac.at/apigate/stores/201/orders?call_back=http://swa-gabrielkovacs.cs.univie.ac.at/webhook/data,19,0,0,f6eeaa50-0ac4-44ca-957f-cf32c2aa791f
1603133808439,18,UC4 receive order,202,HTTP/1.1 202,UC4 4-1,true,,435,0,1,5,http://swa-kovacs-vm1.cs.univie.ac.at/apigate/stores/201/orders/113?call_back=http://swa-gabrielkovacs.cs.univie.ac.at/webhook/data,18,0,0,321b92e9-a931-40a6-9671-22d4a590b818
1603133808622,16,UC7 change price,202,HTTP/1.1 202,UC7 2-1,true,,481,0,1,5,http://swa-kovacs-vm1.cs.univie.ac.at/apigate/stores/200/stockitems/300?call_back=http://swa-gabrielkovacs.cs.univie.ac.at/webhook/data,16,0,0,4ad889d1-3ca4-4768-bbbe-ee180a2e1852
1603133808707,16,UC6 delivery reports,202,HTTP/1.1 202,UC6 5-1,true,,380,0,1,5,http://swa-kovacs-vm1.cs.univie.ac.at/apigate/enterprises/901/delivery-reports?call_back=http://swa-gabrielkovacs.cs.univie.ac.at/webhook/data,16,0,0,69d069fd-94ac-4c15-9b39-a2855c10e61a
1603133808706,22,UC5 show stock report,202,HTTP/1.1 202,UC5 1-1,true,,381,0,1,5,http://swa-kovacs-vm1.cs.univie.ac.at/apigate/stores/200/stock-item-reports?call_back=http://swa-gabrielkovacs.cs.univie.ac.at/webhook/data,21,0,0,0f3e423b-eb86-4481-9e3b-ca0339c7146e
1603133808756,21,UC3 order products,202,HTTP/1.1 202,UC3 3-1,true,,416,0,1,5,http://swa-kovacs-vm1.cs.univie.ac.at/apigate/stores/201/orders?call_back=http://swa-gabrielkovacs.cs.univie.ac.at/webhook/data,18,0,0,78e411e3-4ab8-4831-8f3f-db2185beb575
1603133808758,19,UC4 receive order,202,HTTP/1.1 202,UC4 4-1,true,,435,0,1,5,http://swa-kovacs-vm1.cs.univie.ac.at/apigate/stores/201/orders/113?call_back=http://swa-gabrielkovacs.cs.univie.ac.at/webhook/data,19,0,0,88f77b77-4b50-436b-865a-ba0f211ea449
1603133808939,14,UC7 change price,202,HTTP/1.1 202,UC7 2-1,true,,481,0,1,5,http://swa-kovacs-vm1.cs.univie.ac.at/apigate/stores/200/stockitems/300?call_back=http://swa-gabrielkovacs.cs.univie.ac.at/webhook/data,14,0,0,bd6d4a85-c7c1-4015-ac3a-ca79133c8885
1603133809024,16,UC6 delivery reports,202,HTTP/1.1 202,UC6 5-1,true,,380,0,1,5,http://swa-kovacs-vm1.cs.univie.ac.at/apigate/enterprises/901/delivery-reports?call_back=http://swa-gabrielkovacs.cs.univie.ac.at/webhook/data,16,0,0,74cf3338-b594-4269-8d49-189795b80557
1603133809028,16,UC5 show stock report,202,HTTP/1.1 202,UC5 1-1,true,,381,0,1,5,http://swa-kovacs-vm1.cs.univie.ac.at/apigate/stores/200/stock-item-reports?call_back=http://swa-gabrielkovacs.cs.univie.ac.at/webhook/data,15,0,0,6aade195-472d-4804-a318-2ad9ea049e51
1603133809077,18,UC4 receive order,202,HTTP/1.1 202,UC4 4-1,true,,435,0,1,5,http://swa-kovacs-vm1.cs.univie.ac.at/apigate/stores/201/orders/113?call_back=http://swa-gabrielkovacs.cs.univie.ac.at/webhook/data,18,0,0,d06ac2ac-e97f-4fea-8a98-17c92236996b
1603133809077,19,UC3 order products,202,HTTP/1.1 202,UC3 3-1,true,,416,0,1,5,http://swa-kovacs-vm1.cs.univie.ac.at/apigate/stores/201/orders?call_back=http://swa-gabrielkovacs.cs.univie.ac.at/webhook/data,18,0,0,83d010a8-e554-4b98-bae2-e5f790e5757b
1603133809254,15,UC7 change price,202,HTTP/1.1 202,UC7 2-1,true,,481,0,1,5,http://swa-kovacs-vm1.cs.univie.ac.at/apigate/stores/200/stockitems/300?call_back=http://swa-gabrielkovacs.cs.univie.ac.at/webhook/data,14,0,0,cfe388ef-69d8-4abf-86b6-7927ac74519f
1603133809341,19,UC6 delivery reports,202,HTTP/1.1 202,UC6 5-1,true,,380,0,1,5,http://swa-kovacs-vm1.cs.univie.ac.at/apigate/enterprises/901/delivery-reports?call_back=http://swa-gabrielkovacs.cs.univie.ac.at/webhook/data,19,0,0,0c37adff-84c0-4b78-a785-03c3acbd7f12
1603133809344,21,UC5 show stock report,202,HTTP/1.1 202,UC5 1-1,true,,381,0,1,5,http://swa-kovacs-vm1.cs.univie.ac.at/apigate/stores/200/stock-item-reports?call_back=http://swa-gabrielkovacs.cs.univie.ac.at/webhook/data,20,0,0,cedba069-0be4-4d3b-8405-1a62464f38bb
1603133809396,20,UC3 order products,202,HTTP/1.1 202,UC3 3-1,true,,411,0,1,5,http://swa-kovacs-vm1.cs.univie.ac.at/apigate/stores/201/orders?call_back=http://swa-gabrielkovacs.cs.univie.ac.at/webhook/data,20,0,0,8a03ee96-1f5b-410f-8073-f53c4a466221
1603133809396,24,UC4 receive order,202,HTTP/1.1 202,UC4 4-1,true,,435,0,1,5,http://swa-kovacs-vm1.cs.univie.ac.at/apigate/stores/201/orders/113?call_back=http://swa-gabrielkovacs.cs.univie.ac.at/webhook/data,24,0,0,1ffb824f-e79e-4f5a-8548-8ac087a22369
1603133809570,15,UC7 change price,202,HTTP/1.1 202,UC7 2-1,true,,481,0,1,5,http://swa-kovacs-vm1.cs.univie.ac.at/apigate/stores/200/stockitems/300?call_back=http://swa-gabrielkovacs.cs.univie.ac.at/webhook/data,15,0,0,b62e9311-0003-4997-8bdf-dbb4ca5a83d1
1603133809660,22,UC6 delivery reports,202,HTTP/1.1 202,UC6 5-1,true,,380,0,1,5,http://swa-kovacs-vm1.cs.univie.ac.at/apigate/enterprises/901/delivery-reports?call_back=http://swa-gabrielkovacs.cs.univie.ac.at/webhook/data,22,0,0,efb72511-db0e-44a4-9436-247098251923
1603133809665,19,UC5 show stock report,202,HTTP/1.1 202,UC5 1-1,true,,381,0,1,5,http://swa-kovacs-vm1.cs.univie.ac.at/apigate/stores/200/stock-item-reports?call_back=http://swa-gabrielkovacs.cs.univie.ac.at/webhook/data,18,0,0,01620c55-fd5f-47c4-b5e9-e85f67208250
1603133809716,18,UC3 order products,202,HTTP/1.1 202,UC3 3-1,true,,416,0,1,5,http://swa-kovacs-vm1.cs.univie.ac.at/apigate/stores/201/orders?call_back=http://swa-gabrielkovacs.cs.univie.ac.at/webhook/data,18,0,0,88ddeb79-8005-4e58-b42f-5a41e3a82bf2
1603133809720,21,UC4 receive order,202,HTTP/1.1 202,UC4 4-1,true,,435,0,1,5,http://swa-kovacs-vm1.cs.univie.ac.at/apigate/stores/201/orders/113?call_back=http://swa-gabrielkovacs.cs.univie.ac.at/webhook/data,21,0,0,7460639e-4102-4a47-9d22-6876075dc62d
1603133809885,17,UC7 change price,202,HTTP/1.1 202,UC7 2-1,true,,481,0,1,5,http://swa-kovacs-vm1.cs.univie.ac.at/apigate/stores/200/stockitems/300?call_back=http://swa-gabrielkovacs.cs.univie.ac.at/webhook/data,16,0,0,d96f90ba-1b1a-4550-86ea-cfaef654d891
1603133809983,18,UC6 delivery reports,202,HTTP/1.1 202,UC6 5-1,true,,380,0,1,5,http://swa-kovacs-vm1.cs.univie.ac.at/apigate/enterprises/901/delivery-reports?call_back=http://swa-gabrielkovacs.cs.univie.ac.at/webhook/data,18,0,0,46876495-6e58-4a12-b21d-a30af66617aa
1603133809984,21,UC5 show stock report,202,HTTP/1.1 202,UC5 1-1,true,,381,0,1,5,http://swa-kovacs-vm1.cs.univie.ac.at/apigate/stores/200/stock-item-reports?call_back=http://swa-gabrielkovacs.cs.univie.ac.at/webhook/data,20,0,0,3305fa6e-1d73-4f7b-b500-4d708191f82d
1603133810035,22,UC3 order products,202,HTTP/1.1 202,UC3 3-1,true,,416,0,1,5,http://swa-kovacs-vm1.cs.univie.ac.at/apigate/stores/201/orders?call_back=http://swa-gabrielkovacs.cs.univie.ac.at/webhook/data,21,0,0,4f012223-4ab0-44bb-b457-6510ad1caf0d
1603133810042,15,UC4 receive order,202,HTTP/1.1 202,UC4 4-1,true,,435,0,1,5,http://swa-kovacs-vm1.cs.univie.ac.at/apigate/stores/201/orders/113?call_back=http://swa-gabrielkovacs.cs.univie.ac.at/webhook/data,15,0,0,426a0b06-7e0a-472e-99f6-9caabde79359
1603133810202,16,UC7 change price,202,HTTP/1.1 202,UC7 2-1,true,,481,0,1,5,http://swa-kovacs-vm1.cs.univie.ac.at/apigate/stores/200/stockitems/300?call_back=http://swa-gabrielkovacs.cs.univie.ac.at/webhook/data,14,0,0,da977bf1-1549-4921-800c-381d907c9bdb
1603133810306,17,UC5 show stock report,202,HTTP/1.1 202,UC5 1-1,true,,381,0,1,5,http://swa-kovacs-vm1.cs.univie.ac.at/apigate/stores/200/stock-item-reports?call_back=http://swa-gabrielkovacs.cs.univie.ac.at/webhook/data,17,0,0,f4cd98a8-e921-41f6-b91b-68931a8e5d66
1603133810302,22,UC6 delivery reports,202,HTTP/1.1 202,UC6 5-1,true,,380,0,1,5,http://swa-kovacs-vm1.cs.univie.ac.at/apigate/enterprises/901/delivery-reports?call_back=http://swa-gabrielkovacs.cs.univie.ac.at/webhook/data,22,0,0,7a173f3b-6d88-4bed-ae9a-513a457870b6
1603133810357,16,UC3 order products,202,HTTP/1.1 202,UC3 3-1,true,,416,0,1,5,http://swa-kovacs-vm1.cs.univie.ac.at/apigate/stores/201/orders?call_back=http://swa-gabrielkovacs.cs.univie.ac.at/webhook/data,15,0,0,445afbc8-a009-45a3-9e4e-d0b36db696cb
1603133810358,18,UC4 receive order,202,HTTP/1.1 202,UC4 4-1,true,,435,0,1,5,http://swa-kovacs-vm1.cs.univie.ac.at/apigate/stores/201/orders/113?call_back=http://swa-gabrielkovacs.cs.univie.ac.at/webhook/data,17,0,0,5338ca8d-a38f-4540-99ed-d12a4dda200a
1603133810519,15,UC7 change price,202,HTTP/1.1 202,UC7 2-1,true,,481,0,1,5,http://swa-kovacs-vm1.cs.univie.ac.at/apigate/stores/200/stockitems/300?call_back=http://swa-gabrielkovacs.cs.univie.ac.at/webhook/data,14,0,0,185f0a4a-65c6-4913-9960-13fc64d8271f
1603133810624,16,UC6 delivery reports,202,HTTP/1.1 202,UC6 5-1,true,,380,0,1,5,http://swa-kovacs-vm1.cs.univie.ac.at/apigate/enterprises/901/delivery-reports?call_back=http://swa-gabrielkovacs.cs.univie.ac.at/webhook/data,15,0,0,ebcefcac-2375-4d0f-b9bd-23bd797f881d
1603133810623,20,UC5 show stock report,202,HTTP/1.1 202,UC5 1-1,true,,381,0,1,5,http://swa-kovacs-vm1.cs.univie.ac.at/apigate/stores/200/stock-item-reports?call_back=http://swa-gabrielkovacs.cs.univie.ac.at/webhook/data,20,0,0,e1985f24-3dcf-4716-8b1d-c084281b904b
1603133810674,17,UC3 order products,202,HTTP/1.1 202,UC3 3-1,true,,416,0,1,5,http://swa-kovacs-vm1.cs.univie.ac.at/apigate/stores/201/orders?call_back=http://swa-gabrielkovacs.cs.univie.ac.at/webhook/data,15,0,0,bf2ee3ae-81f6-4eee-921a-fe3f6aa5957a
1603133810676,18,UC4 receive order,202,HTTP/1.1 202,UC4 4-1,true,,435,0,1,5,http://swa-kovacs-vm1.cs.univie.ac.at/apigate/stores/201/orders/113?call_back=http://swa-gabrielkovacs.cs.univie.ac.at/webhook/data,17,0,0,65787f30-1b26-440e-9e15-8f3cacb2aa36
1603133810835,13,UC7 change price,202,HTTP/1.1 202,UC7 2-1,true,,481,0,1,5,http://swa-kovacs-vm1.cs.univie.ac.at/apigate/stores/200/stockitems/300?call_back=http://swa-gabrielkovacs.cs.univie.ac.at/webhook/data,13,0,0,fe2815bc-0ffd-4a69-b6a6-e18b463ee145
1603133810940,16,UC6 delivery reports,202,HTTP/1.1 202,UC6 5-1,true,,380,0,1,5,http://swa-kovacs-vm1.cs.univie.ac.at/apigate/enterprises/901/delivery-reports?call_back=http://swa-gabrielkovacs.cs.univie.ac.at/webhook/data,16,0,0,6820ee2c-f5c1-4de8-8267-13019d76a4b3
1603133810944,16,UC5 show stock report,202,HTTP/1.1 202,UC5 1-1,true,,381,0,1,5,http://swa-kovacs-vm1.cs.univie.ac.at/apigate/stores/200/stock-item-reports?call_back=http://swa-gabrielkovacs.cs.univie.ac.at/webhook/data,15,0,0,79123e75-bfea-44b3-be6f-904ba72c18ec
1603133810994,17,UC4 receive order,202,HTTP/1.1 202,UC4 4-1,true,,435,0,1,5,http://swa-kovacs-vm1.cs.univie.ac.at/apigate/stores/201/orders/113?call_back=http://swa-gabrielkovacs.cs.univie.ac.at/webhook/data,16,0,0,6ee7757f-b88e-4199-aa23-e775cf075fd8
1603133810991,20,UC3 order products,202,HTTP/1.1 202,UC3 3-1,true,,416,0,1,5,http://swa-kovacs-vm1.cs.univie.ac.at/apigate/stores/201/orders?call_back=http://swa-gabrielkovacs.cs.univie.ac.at/webhook/data,20,0,0,3f14bb78-fed5-4fa6-8de9-a120cfcf7fda
1603133811148,15,UC7 change price,202,HTTP/1.1 202,UC7 2-1,true,,481,0,1,5,http://swa-kovacs-vm1.cs.univie.ac.at/apigate/stores/200/stockitems/300?call_back=http://swa-gabrielkovacs.cs.univie.ac.at/webhook/data,14,0,0,c74a52cd-0af2-41dd-a58b-fa1e6e6557b0
1603133811257,15,UC6 delivery reports,202,HTTP/1.1 202,UC6 5-1,true,,380,0,1,5,http://swa-kovacs-vm1.cs.univie.ac.at/apigate/enterprises/901/delivery-reports?call_back=http://swa-gabrielkovacs.cs.univie.ac.at/webhook/data,15,0,0,55c3d46b-c662-421c-a44f-4c54ddbd5da5
1603133811260,18,UC5 show stock report,202,HTTP/1.1 202,UC5 1-1,true,,381,0,1,5,http://swa-kovacs-vm1.cs.univie.ac.at/apigate/stores/200/stock-item-reports?call_back=http://swa-gabrielkovacs.cs.univie.ac.at/webhook/data,18,0,0,5844cf4a-7729-4058-9e99-9eff978022c2
1603133811312,14,UC4 receive order,202,HTTP/1.1 202,UC4 4-1,true,,435,0,1,5,http://swa-kovacs-vm1.cs.univie.ac.at/apigate/stores/201/orders/113?call_back=http://swa-gabrielkovacs.cs.univie.ac.at/webhook/data,14,0,0,504a6a79-68ee-4c1f-9887-7cb104267050
1603133811312,18,UC3 order products,202,HTTP/1.1 202,UC3 3-1,true,,416,0,1,5,http://swa-kovacs-vm1.cs.univie.ac.at/apigate/stores/201/orders?call_back=http://swa-gabrielkovacs.cs.univie.ac.at/webhook/data,18,0,0,819e1cd5-c79f-43cc-9d35-a0ea6103812a
1603133811463,15,UC7 change price,202,HTTP/1.1 202,UC7 2-1,true,,481,0,1,5,http://swa-kovacs-vm1.cs.univie.ac.at/apigate/stores/200/stockitems/300?call_back=http://swa-gabrielkovacs.cs.univie.ac.at/webhook/data,14,0,0,eec8edf4-7f30-41ee-bb70-46edfbbb1054
1603133811572,20,UC6 delivery reports,202,HTTP/1.1 202,UC6 5-1,true,,380,0,1,5,http://swa-kovacs-vm1.cs.univie.ac.at/apigate/enterprises/901/delivery-reports?call_back=http://swa-gabrielkovacs.cs.univie.ac.at/webhook/data,19,0,0,cabba92c-c137-4ebd-95c1-32afc3778be1
1603133811578,17,UC5 show stock report,202,HTTP/1.1 202,UC5 1-1,true,,381,0,1,5,http://swa-kovacs-vm1.cs.univie.ac.at/apigate/stores/200/stock-item-reports?call_back=http://swa-gabrielkovacs.cs.univie.ac.at/webhook/data,17,0,0,4e9966e2-96e0-48ab-9449-e206ac21c17a
1603133811627,15,UC4 receive order,202,HTTP/1.1 202,UC4 4-1,true,,435,0,1,5,http://swa-kovacs-vm1.cs.univie.ac.at/apigate/stores/201/orders/113?call_back=http://swa-gabrielkovacs.cs.univie.ac.at/webhook/data,15,0,0,2bab4e1c-08d4-416b-a22d-0ea467b3ef34
1603133811631,15,UC3 order products,202,HTTP/1.1 202,UC3 3-1,true,,416,0,1,5,http://swa-kovacs-vm1.cs.univie.ac.at/apigate/stores/201/orders?call_back=http://swa-gabrielkovacs.cs.univie.ac.at/webhook/data,15,0,0,1e8be980-d58d-4a74-9198-7c0164e87dc1
1603133811779,16,UC7 change price,202,HTTP/1.1 202,UC7 2-1,true,,481,0,1,5,http://swa-kovacs-vm1.cs.univie.ac.at/apigate/stores/200/stockitems/300?call_back=http://swa-gabrielkovacs.cs.univie.ac.at/webhook/data,15,0,0,6c0b3591-5d35-44ee-aed1-eca183bb645f
1603133811892,17,UC6 delivery reports,202,HTTP/1.1 202,UC6 5-1,true,,380,0,1,5,http://swa-kovacs-vm1.cs.univie.ac.at/apigate/enterprises/901/delivery-reports?call_back=http://swa-gabrielkovacs.cs.univie.ac.at/webhook/data,16,0,0,e020d52a-988b-4192-a3b7-5d9e6f7febb8
1603133811896,18,UC5 show stock report,202,HTTP/1.1 202,UC5 1-1,true,,381,0,1,5,http://swa-kovacs-vm1.cs.univie.ac.at/apigate/stores/200/stock-item-reports?call_back=http://swa-gabrielkovacs.cs.univie.ac.at/webhook/data,18,0,0,95071d54-f268-46a4-893c-6819f7cead30
1603133811943,17,UC4 receive order,202,HTTP/1.1 202,UC4 4-1,true,,435,0,1,5,http://swa-kovacs-vm1.cs.univie.ac.at/apigate/stores/201/orders/113?call_back=http://swa-gabrielkovacs.cs.univie.ac.at/webhook/data,15,0,0,d48797bf-a0c5-4092-b05b-3cb1a6f8dbe5
1603133811947,18,UC3 order products,202,HTTP/1.1 202,UC3 3-1,true,,416,0,1,5,http://swa-kovacs-vm1.cs.univie.ac.at/apigate/stores/201/orders?call_back=http://swa-gabrielkovacs.cs.univie.ac.at/webhook/data,17,0,0,39f8c918-0ea2-45ab-a3bf-950150c6cc26
1603133812095,46,UC7 change price,202,HTTP/1.1 202,UC7 2-1,true,,481,0,1,5,http://swa-kovacs-vm1.cs.univie.ac.at/apigate/stores/200/stockitems/300?call_back=http://swa-gabrielkovacs.cs.univie.ac.at/webhook/data,45,0,0,01700ddb-3582-4709-b068-a1fd3df3ff59
1603133812210,16,UC6 delivery reports,202,HTTP/1.1 202,UC6 5-1,true,,380,0,1,5,http://swa-kovacs-vm1.cs.univie.ac.at/apigate/enterprises/901/delivery-reports?call_back=http://swa-gabrielkovacs.cs.univie.ac.at/webhook/data,15,0,0,e06b1b21-2423-4391-976b-b46d2d1e6f95
1603133812214,19,UC5 show stock report,202,HTTP/1.1 202,UC5 1-1,true,,381,0,1,5,http://swa-kovacs-vm1.cs.univie.ac.at/apigate/stores/200/stock-item-reports?call_back=http://swa-gabrielkovacs.cs.univie.ac.at/webhook/data,16,0,0,c92add6b-2b2b-464b-b182-5f18af3b2213
1603133812260,18,UC4 receive order,202,HTTP/1.1 202,UC4 4-1,true,,435,0,1,5,http://swa-kovacs-vm1.cs.univie.ac.at/apigate/stores/201/orders/113?call_back=http://swa-gabrielkovacs.cs.univie.ac.at/webhook/data,17,0,0,063ab141-2d5f-4b9f-af9b-ddd12d313b69
1603133812265,15,UC3 order products,202,HTTP/1.1 202,UC3 3-1,true,,416,0,1,5,http://swa-kovacs-vm1.cs.univie.ac.at/apigate/stores/201/orders?call_back=http://swa-gabrielkovacs.cs.univie.ac.at/webhook/data,15,0,0,6eb86c04-83ed-4d74-884e-05bcb255a0aa
1603133812442,15,UC7 change price,202,HTTP/1.1 202,UC7 2-1,true,,481,0,1,5,http://swa-kovacs-vm1.cs.univie.ac.at/apigate/stores/200/stockitems/300?call_back=http://swa-gabrielkovacs.cs.univie.ac.at/webhook/data,15,0,0,b626066c-00e9-481e-87ec-89f82e20f047
1603133812526,18,UC6 delivery reports,202,HTTP/1.1 202,UC6 5-1,true,,380,0,1,5,http://swa-kovacs-vm1.cs.univie.ac.at/apigate/enterprises/901/delivery-reports?call_back=http://swa-gabrielkovacs.cs.univie.ac.at/webhook/data,18,0,0,3af2427b-73f9-4e72-99e3-d6b062cbdb98
1603133812533,16,UC5 show stock report,202,HTTP/1.1 202,UC5 1-1,true,,381,0,1,5,http://swa-kovacs-vm1.cs.univie.ac.at/apigate/stores/200/stock-item-reports?call_back=http://swa-gabrielkovacs.cs.univie.ac.at/webhook/data,16,0,0,bbf19a14-8f36-4f8f-b98a-93fb7139515b
1603133812578,15,UC4 receive order,202,HTTP/1.1 202,UC4 4-1,true,,435,0,1,5,http://swa-kovacs-vm1.cs.univie.ac.at/apigate/stores/201/orders/113?call_back=http://swa-gabrielkovacs.cs.univie.ac.at/webhook/data,15,0,0,767ec30b-7ae3-43ac-a1bf-02a4069f0f5c
1603133812581,16,UC3 order products,202,HTTP/1.1 202,UC3 3-1,true,,416,0,1,5,http://swa-kovacs-vm1.cs.univie.ac.at/apigate/stores/201/orders?call_back=http://swa-gabrielkovacs.cs.univie.ac.at/webhook/data,15,0,0,36d4ad12-4b7f-4116-b520-fec107586b72
1603133812758,14,UC7 change price,202,HTTP/1.1 202,UC7 2-1,true,,481,0,1,5,http://swa-kovacs-vm1.cs.univie.ac.at/apigate/stores/200/stockitems/300?call_back=http://swa-gabrielkovacs.cs.univie.ac.at/webhook/data,13,0,0,eaa38c98-e5a2-46e9-859a-ef4abc37e3dd
1603133812845,16,UC6 delivery reports,202,HTTP/1.1 202,UC6 5-1,true,,380,0,1,5,http://swa-kovacs-vm1.cs.univie.ac.at/apigate/enterprises/901/delivery-reports?call_back=http://swa-gabrielkovacs.cs.univie.ac.at/webhook/data,16,0,0,86917216-688d-4eb3-9fa9-8af4751cb2ff
1603133812850,17,UC5 show stock report,202,HTTP/1.1 202,UC5 1-1,true,,381,0,1,5,http://swa-kovacs-vm1.cs.univie.ac.at/apigate/stores/200/stock-item-reports?call_back=http://swa-gabrielkovacs.cs.univie.ac.at/webhook/data,17,0,0,d869de0b-4283-4684-8ded-a558795a107a
1603133812894,18,UC4 receive order,202,HTTP/1.1 202,UC4 4-1,true,,435,0,1,5,http://swa-kovacs-vm1.cs.univie.ac.at/apigate/stores/201/orders/113?call_back=http://swa-gabrielkovacs.cs.univie.ac.at/webhook/data,17,0,0,7ca13dcb-ad6e-4987-a3ce-1decb8e5a800
1603133812897,18,UC3 order products,202,HTTP/1.1 202,UC3 3-1,true,,416,0,1,5,http://swa-kovacs-vm1.cs.univie.ac.at/apigate/stores/201/orders?call_back=http://swa-gabrielkovacs.cs.univie.ac.at/webhook/data,18,0,0,10f8b1d2-28d1-47bc-af67-3e4a78cf11bc
1603133813073,16,UC7 change price,202,HTTP/1.1 202,UC7 2-1,true,,481,0,1,5,http://swa-kovacs-vm1.cs.univie.ac.at/apigate/stores/200/stockitems/300?call_back=http://swa-gabrielkovacs.cs.univie.ac.at/webhook/data,14,0,0,b2c85bb4-d578-45b7-b97b-d7e985944df9
1603133813168,16,UC5 show stock report,202,HTTP/1.1 202,UC5 1-1,true,,381,0,1,5,http://swa-kovacs-vm1.cs.univie.ac.at/apigate/stores/200/stock-item-reports?call_back=http://swa-gabrielkovacs.cs.univie.ac.at/webhook/data,15,0,0,87c3198c-cb23-479f-b0a2-8eb6eedf695d
1603133813162,23,UC6 delivery reports,202,HTTP/1.1 202,UC6 5-1,true,,380,0,1,5,http://swa-kovacs-vm1.cs.univie.ac.at/apigate/enterprises/901/delivery-reports?call_back=http://swa-gabrielkovacs.cs.univie.ac.at/webhook/data,22,0,0,44cff917-36f8-44c7-b84f-5b8be97236e2
1603133813212,16,UC4 receive order,202,HTTP/1.1 202,UC4 4-1,true,,435,0,1,5,http://swa-kovacs-vm1.cs.univie.ac.at/apigate/stores/201/orders/113?call_back=http://swa-gabrielkovacs.cs.univie.ac.at/webhook/data,15,0,0,d533db57-a656-4b4f-a42b-d8f4fd51bd2a
1603133813216,15,UC3 order products,202,HTTP/1.1 202,UC3 3-1,true,,416,0,1,5,http://swa-kovacs-vm1.cs.univie.ac.at/apigate/stores/201/orders?call_back=http://swa-gabrielkovacs.cs.univie.ac.at/webhook/data,14,0,0,feecc20c-b6ab-44eb-9bb0-81a759102f8f
1603133813389,16,UC7 change price,202,HTTP/1.1 202,UC7 2-1,true,,481,0,1,5,http://swa-kovacs-vm1.cs.univie.ac.at/apigate/stores/200/stockitems/300?call_back=http://swa-gabrielkovacs.cs.univie.ac.at/webhook/data,15,0,0,3c0878ae-7f38-494f-8bbf-c02a7124a460
1603133813485,19,UC6 delivery reports,202,HTTP/1.1 202,UC6 5-1,true,,380,0,1,5,http://swa-kovacs-vm1.cs.univie.ac.at/apigate/enterprises/901/delivery-reports?call_back=http://swa-gabrielkovacs.cs.univie.ac.at/webhook/data,18,0,0,4f5e6917-d7b7-4188-bd9a-eca5ef6b8e03
1603133813484,23,UC5 show stock report,202,HTTP/1.1 202,UC5 1-1,true,,381,0,1,5,http://swa-kovacs-vm1.cs.univie.ac.at/apigate/stores/200/stock-item-reports?call_back=http://swa-gabrielkovacs.cs.univie.ac.at/webhook/data,22,0,0,962a75f4-9bbd-43ae-9c51-5af36d537cd7
1603133813529,21,UC4 receive order,202,HTTP/1.1 202,UC4 4-1,true,,435,0,1,5,http://swa-kovacs-vm1.cs.univie.ac.at/apigate/stores/201/orders/113?call_back=http://swa-gabrielkovacs.cs.univie.ac.at/webhook/data,19,0,0,7518bd54-80d7-4a23-a8fd-ac888954643c
1603133813531,19,UC3 order products,202,HTTP/1.1 202,UC3 3-1,true,,416,0,1,5,http://swa-kovacs-vm1.cs.univie.ac.at/apigate/stores/201/orders?call_back=http://swa-gabrielkovacs.cs.univie.ac.at/webhook/data,18,0,0,1abac8c6-bcb9-4d78-b2e0-1fb146622b4c
1603133813706,14,UC7 change price,202,HTTP/1.1 202,UC7 2-1,true,,481,0,1,5,http://swa-kovacs-vm1.cs.univie.ac.at/apigate/stores/200/stockitems/300?call_back=http://swa-gabrielkovacs.cs.univie.ac.at/webhook/data,14,0,0,8efd263a-607e-4262-9cd1-7c0ae62f4d9a
1603133813804,15,UC6 delivery reports,202,HTTP/1.1 202,UC6 5-1,true,,380,0,1,5,http://swa-kovacs-vm1.cs.univie.ac.at/apigate/enterprises/901/delivery-reports?call_back=http://swa-gabrielkovacs.cs.univie.ac.at/webhook/data,14,0,0,d03c5171-ee19-496d-97ad-58062db48036
1603133813808,20,UC5 show stock report,202,HTTP/1.1 202,UC5 1-1,true,,381,0,1,5,http://swa-kovacs-vm1.cs.univie.ac.at/apigate/stores/200/stock-item-reports?call_back=http://swa-gabrielkovacs.cs.univie.ac.at/webhook/data,19,0,0,fae8522c-1502-42f8-b370-ae8d2884a81a
1603133813851,19,UC3 order products,202,HTTP/1.1 202,UC3 3-1,true,,416,0,1,5,http://swa-kovacs-vm1.cs.univie.ac.at/apigate/stores/201/orders?call_back=http://swa-gabrielkovacs.cs.univie.ac.at/webhook/data,16,0,0,f7304af2-b9a6-4ff3-9837-211e5fda491a
1603133813850,21,UC4 receive order,202,HTTP/1.1 202,UC4 4-1,true,,435,0,1,5,http://swa-kovacs-vm1.cs.univie.ac.at/apigate/stores/201/orders/113?call_back=http://swa-gabrielkovacs.cs.univie.ac.at/webhook/data,21,0,0,b2b54504-852e-4688-9043-1408c2b6f25a
1603133814021,15,UC7 change price,202,HTTP/1.1 202,UC7 2-1,true,,481,0,1,5,http://swa-kovacs-vm1.cs.univie.ac.at/apigate/stores/200/stockitems/300?call_back=http://swa-gabrielkovacs.cs.univie.ac.at/webhook/data,14,0,0,69155d60-e062-49ef-b4bd-1eb46c8fba65
1603133814119,17,UC6 delivery reports,202,HTTP/1.1 202,UC6 5-1,true,,380,0,1,5,http://swa-kovacs-vm1.cs.univie.ac.at/apigate/enterprises/901/delivery-reports?call_back=http://swa-gabrielkovacs.cs.univie.ac.at/webhook/data,17,0,0,3043fd82-0136-4f97-8a0b-815348a24784
1603133814128,17,UC5 show stock report,202,HTTP/1.1 202,UC5 1-1,true,,381,0,1,5,http://swa-kovacs-vm1.cs.univie.ac.at/apigate/stores/200/stock-item-reports?call_back=http://swa-gabrielkovacs.cs.univie.ac.at/webhook/data,15,0,0,997c3f2b-51e1-4f68-a4aa-4dab0937fdd1
1603133814170,17,UC3 order products,202,HTTP/1.1 202,UC3 3-1,true,,416,0,1,5,http://swa-kovacs-vm1.cs.univie.ac.at/apigate/stores/201/orders?call_back=http://swa-gabrielkovacs.cs.univie.ac.at/webhook/data,17,0,0,f6507f12-8516-40f4-a1ff-a913661891cd
1603133814172,17,UC4 receive order,202,HTTP/1.1 202,UC4 4-1,true,,435,0,1,5,http://swa-kovacs-vm1.cs.univie.ac.at/apigate/stores/201/orders/113?call_back=http://swa-gabrielkovacs.cs.univie.ac.at/webhook/data,17,0,0,e68a6ce5-e9b6-4ee5-b640-b8c8a3f8d502
1603133814336,15,UC7 change price,202,HTTP/1.1 202,UC7 2-1,true,,481,0,1,5,http://swa-kovacs-vm1.cs.univie.ac.at/apigate/stores/200/stockitems/300?call_back=http://swa-gabrielkovacs.cs.univie.ac.at/webhook/data,14,0,0,9f219f27-b8d5-49e5-9a22-25d50316dac6
1603133814437,15,UC6 delivery reports,202,HTTP/1.1 202,UC6 5-1,true,,380,0,1,5,http://swa-kovacs-vm1.cs.univie.ac.at/apigate/enterprises/901/delivery-reports?call_back=http://swa-gabrielkovacs.cs.univie.ac.at/webhook/data,15,0,0,858363b1-52d7-4ead-b424-89fbb925bb4b
1603133814445,14,UC5 show stock report,202,HTTP/1.1 202,UC5 1-1,true,,381,0,1,5,http://swa-kovacs-vm1.cs.univie.ac.at/apigate/stores/200/stock-item-reports?call_back=http://swa-gabrielkovacs.cs.univie.ac.at/webhook/data,14,0,0,f1dc4578-a962-43e1-afe0-37513e24e5c5
1603133814491,15,UC4 receive order,202,HTTP/1.1 202,UC4 4-1,true,,435,0,1,5,http://swa-kovacs-vm1.cs.univie.ac.at/apigate/stores/201/orders/113?call_back=http://swa-gabrielkovacs.cs.univie.ac.at/webhook/data,15,0,0,3fa982ae-16d1-4f71-85a2-7ba79e1486e9
1603133814488,20,UC3 order products,202,HTTP/1.1 202,UC3 3-1,true,,416,0,1,5,http://swa-kovacs-vm1.cs.univie.ac.at/apigate/stores/201/orders?call_back=http://swa-gabrielkovacs.cs.univie.ac.at/webhook/data,20,0,0,c6360beb-a09d-420e-b543-cda87d06a047
1603133814652,14,UC7 change price,202,HTTP/1.1 202,UC7 2-1,true,,481,0,1,5,http://swa-kovacs-vm1.cs.univie.ac.at/apigate/stores/200/stockitems/300?call_back=http://swa-gabrielkovacs.cs.univie.ac.at/webhook/data,13,0,0,f75bdb8a-e023-4a85-8ec8-1d278571adcc
1603133814753,18,UC6 delivery reports,202,HTTP/1.1 202,UC6 5-1,true,,380,0,1,5,http://swa-kovacs-vm1.cs.univie.ac.at/apigate/enterprises/901/delivery-reports?call_back=http://swa-gabrielkovacs.cs.univie.ac.at/webhook/data,17,0,0,8f6c50f7-b9ee-43ed-8a74-ff365a5c7730
1603133814760,15,UC5 show stock report,202,HTTP/1.1 202,UC5 1-1,true,,381,0,1,5,http://swa-kovacs-vm1.cs.univie.ac.at/apigate/stores/200/stock-item-reports?call_back=http://swa-gabrielkovacs.cs.univie.ac.at/webhook/data,14,0,0,12602d5d-96b3-4011-8538-6ab042c661b6
1603133814809,15,UC3 order products,202,HTTP/1.1 202,UC3 3-1,true,,416,0,1,5,http://swa-kovacs-vm1.cs.univie.ac.at/apigate/stores/201/orders?call_back=http://swa-gabrielkovacs.cs.univie.ac.at/webhook/data,14,0,0,da2b85f3-1ab6-4401-b6db-678ddc93b685
1603133814807,18,UC4 receive order,202,HTTP/1.1 202,UC4 4-1,true,,435,0,1,5,http://swa-kovacs-vm1.cs.univie.ac.at/apigate/stores/201/orders/113?call_back=http://swa-gabrielkovacs.cs.univie.ac.at/webhook/data,17,0,0,c1db5053-6819-4248-99fa-9967a2b310f8
1603133814966,21,UC7 change price,202,HTTP/1.1 202,UC7 2-1,true,,481,0,1,5,http://swa-kovacs-vm1.cs.univie.ac.at/apigate/stores/200/stockitems/300?call_back=http://swa-gabrielkovacs.cs.univie.ac.at/webhook/data,20,0,0,244728fb-c904-401f-81dc-5771458e8fbc
1603133815071,19,UC6 delivery reports,202,HTTP/1.1 202,UC6 5-1,true,,380,0,1,5,http://swa-kovacs-vm1.cs.univie.ac.at/apigate/enterprises/901/delivery-reports?call_back=http://swa-gabrielkovacs.cs.univie.ac.at/webhook/data,19,0,0,a3e443ea-3948-48b7-8d81-e214a23c85ef
1603133815075,16,UC5 show stock report,202,HTTP/1.1 202,UC5 1-1,true,,381,0,1,5,http://swa-kovacs-vm1.cs.univie.ac.at/apigate/stores/200/stock-item-reports?call_back=http://swa-gabrielkovacs.cs.univie.ac.at/webhook/data,16,0,0,4404a529-c6e5-4b8b-b008-5f1f50bd7a17
1603133815124,20,UC3 order products,202,HTTP/1.1 202,UC3 3-1,true,,416,0,1,5,http://swa-kovacs-vm1.cs.univie.ac.at/apigate/stores/201/orders?call_back=http://swa-gabrielkovacs.cs.univie.ac.at/webhook/data,18,0,0,6119f20a-2f31-4bb7-a94a-ea84f7fcbdf7
1603133815125,20,UC4 receive order,202,HTTP/1.1 202,UC4 4-1,true,,435,0,1,5,http://swa-kovacs-vm1.cs.univie.ac.at/apigate/stores/201/orders/113?call_back=http://swa-gabrielkovacs.cs.univie.ac.at/webhook/data,20,0,0,d33cccdc-245f-45fd-a6b0-f86af435a1a2
1603133815288,16,UC7 change price,202,HTTP/1.1 202,UC7 2-1,true,,481,0,1,5,http://swa-kovacs-vm1.cs.univie.ac.at/apigate/stores/200/stockitems/300?call_back=http://swa-gabrielkovacs.cs.univie.ac.at/webhook/data,15,0,0,eb641a51-2c4e-4fe5-88ae-6d0b3c11a950
1603133815391,17,UC6 delivery reports,202,HTTP/1.1 202,UC6 5-1,true,,380,0,1,5,http://swa-kovacs-vm1.cs.univie.ac.at/apigate/enterprises/901/delivery-reports?call_back=http://swa-gabrielkovacs.cs.univie.ac.at/webhook/data,16,0,0,f2470471-8909-4028-9aed-f052534d9428
1603133815391,22,UC5 show stock report,202,HTTP/1.1 202,UC5 1-1,true,,381,0,1,5,http://swa-kovacs-vm1.cs.univie.ac.at/apigate/stores/200/stock-item-reports?call_back=http://swa-gabrielkovacs.cs.univie.ac.at/webhook/data,21,0,0,1a896104-8ffe-4726-99d6-43ae46289bda
1603133815446,16,UC4 receive order,202,HTTP/1.1 202,UC4 4-1,true,,435,0,1,5,http://swa-kovacs-vm1.cs.univie.ac.at/apigate/stores/201/orders/113?call_back=http://swa-gabrielkovacs.cs.univie.ac.at/webhook/data,14,0,0,c0947dab-228e-4dc8-98af-80ea622aa45d
1603133815445,19,UC3 order products,202,HTTP/1.1 202,UC3 3-1,true,,416,0,1,5,http://swa-kovacs-vm1.cs.univie.ac.at/apigate/stores/201/orders?call_back=http://swa-gabrielkovacs.cs.univie.ac.at/webhook/data,18,0,0,81e3b7e0-3991-48f5-8cd9-93391170f179
1603133815604,15,UC7 change price,202,HTTP/1.1 202,UC7 2-1,true,,481,0,1,5,http://swa-kovacs-vm1.cs.univie.ac.at/apigate/stores/200/stockitems/300?call_back=http://swa-gabrielkovacs.cs.univie.ac.at/webhook/data,14,0,0,16b692e0-f960-4eeb-b3f3-ed153db6ef29
1603133815708,18,UC6 delivery reports,202,HTTP/1.1 202,UC6 5-1,true,,380,0,1,5,http://swa-kovacs-vm1.cs.univie.ac.at/apigate/enterprises/901/delivery-reports?call_back=http://swa-gabrielkovacs.cs.univie.ac.at/webhook/data,18,0,0,9c723913-44e1-46ea-8e4c-3a23027c943d
1603133815713,19,UC5 show stock report,202,HTTP/1.1 202,UC5 1-1,true,,381,0,1,5,http://swa-kovacs-vm1.cs.univie.ac.at/apigate/stores/200/stock-item-reports?call_back=http://swa-gabrielkovacs.cs.univie.ac.at/webhook/data,19,0,0,aade7218-4a30-4073-92de-78799d0776a8
1603133815762,18,UC4 receive order,202,HTTP/1.1 202,UC4 4-1,true,,435,0,1,5,http://swa-kovacs-vm1.cs.univie.ac.at/apigate/stores/201/orders/113?call_back=http://swa-gabrielkovacs.cs.univie.ac.at/webhook/data,18,0,0,299ed1ad-5cde-475a-a8b3-c616b53ab1e1
1603133815764,18,UC3 order products,202,HTTP/1.1 202,UC3 3-1,true,,416,0,1,5,http://swa-kovacs-vm1.cs.univie.ac.at/apigate/stores/201/orders?call_back=http://swa-gabrielkovacs.cs.univie.ac.at/webhook/data,17,0,0,108c9ec8-3782-430d-b08d-8ddfaf684f41
1603133815919,16,UC7 change price,202,HTTP/1.1 202,UC7 2-1,true,,481,0,1,5,http://swa-kovacs-vm1.cs.univie.ac.at/apigate/stores/200/stockitems/300?call_back=http://swa-gabrielkovacs.cs.univie.ac.at/webhook/data,16,0,0,d0ef0024-a38d-406e-b5ca-c80107d89dfe
1603133816027,16,UC6 delivery reports,202,HTTP/1.1 202,UC6 5-1,true,,380,0,1,5,http://swa-kovacs-vm1.cs.univie.ac.at/apigate/enterprises/901/delivery-reports?call_back=http://swa-gabrielkovacs.cs.univie.ac.at/webhook/data,16,0,0,a9f4a8e8-6930-4b33-9761-1a5e79924eba
1603133816033,17,UC5 show stock report,202,HTTP/1.1 202,UC5 1-1,true,,381,0,1,5,http://swa-kovacs-vm1.cs.univie.ac.at/apigate/stores/200/stock-item-reports?call_back=http://swa-gabrielkovacs.cs.univie.ac.at/webhook/data,16,0,0,15a09977-5147-44bc-8b65-d87dc97988d7
1603133816080,20,UC4 receive order,202,HTTP/1.1 202,UC4 4-1,true,,435,0,1,5,http://swa-kovacs-vm1.cs.univie.ac.at/apigate/stores/201/orders/113?call_back=http://swa-gabrielkovacs.cs.univie.ac.at/webhook/data,19,0,0,d2e5fba4-baff-49f3-9337-50ec4d94e46c
1603133816082,19,UC3 order products,202,HTTP/1.1 202,UC3 3-1,true,,416,0,1,5,http://swa-kovacs-vm1.cs.univie.ac.at/apigate/stores/201/orders?call_back=http://swa-gabrielkovacs.cs.univie.ac.at/webhook/data,17,0,0,a44f52db-7838-4379-be88-232f4552c466
1603133816236,15,UC7 change price,202,HTTP/1.1 202,UC7 2-1,true,,481,0,1,5,http://swa-kovacs-vm1.cs.univie.ac.at/apigate/stores/200/stockitems/300?call_back=http://swa-gabrielkovacs.cs.univie.ac.at/webhook/data,14,0,0,73e32e2b-8992-4905-a435-2c7857540cbc
1603133816344,16,UC6 delivery reports,202,HTTP/1.1 202,UC6 5-1,true,,380,0,1,5,http://swa-kovacs-vm1.cs.univie.ac.at/apigate/enterprises/901/delivery-reports?call_back=http://swa-gabrielkovacs.cs.univie.ac.at/webhook/data,16,0,0,bddfd65e-568e-4200-a115-cc832d71d231
1603133816350,15,UC5 show stock report,202,HTTP/1.1 202,UC5 1-1,true,,381,0,1,5,http://swa-kovacs-vm1.cs.univie.ac.at/apigate/stores/200/stock-item-reports?call_back=http://swa-gabrielkovacs.cs.univie.ac.at/webhook/data,14,0,0,8e2108a3-c756-4767-add8-dbed2e9ccf1a
1603133816401,15,UC3 order products,202,HTTP/1.1 202,UC3 3-1,true,,411,0,1,5,http://swa-kovacs-vm1.cs.univie.ac.at/apigate/stores/201/orders?call_back=http://swa-gabrielkovacs.cs.univie.ac.at/webhook/data,14,0,0,62993fb4-c3a5-426c-b639-61dc344502e8
1603133816400,20,UC4 receive order,202,HTTP/1.1 202,UC4 4-1,true,,435,0,1,5,http://swa-kovacs-vm1.cs.univie.ac.at/apigate/stores/201/orders/113?call_back=http://swa-gabrielkovacs.cs.univie.ac.at/webhook/data,20,0,0,4891af2e-d875-47d6-8de6-b97e1fb39dc9
1603133816552,16,UC7 change price,202,HTTP/1.1 202,UC7 2-1,true,,481,0,1,5,http://swa-kovacs-vm1.cs.univie.ac.at/apigate/stores/200/stockitems/300?call_back=http://swa-gabrielkovacs.cs.univie.ac.at/webhook/data,16,0,0,984b3e72-0a80-443c-a1e9-b16347de27c3
1603133816661,19,UC6 delivery reports,202,HTTP/1.1 202,UC6 5-1,true,,380,0,1,5,http://swa-kovacs-vm1.cs.univie.ac.at/apigate/enterprises/901/delivery-reports?call_back=http://swa-gabrielkovacs.cs.univie.ac.at/webhook/data,18,0,0,ebb1fa98-e470-4894-90ae-44dcddd71204
1603133816665,20,UC5 show stock report,202,HTTP/1.1 202,UC5 1-1,true,,381,0,1,5,http://swa-kovacs-vm1.cs.univie.ac.at/apigate/stores/200/stock-item-reports?call_back=http://swa-gabrielkovacs.cs.univie.ac.at/webhook/data,19,0,0,2d1128b7-ccf7-4c10-a682-9ae0bee68363
1603133816716,18,UC3 order products,202,HTTP/1.1 202,UC3 3-1,true,,416,0,1,5,http://swa-kovacs-vm1.cs.univie.ac.at/apigate/stores/201/orders?call_back=http://swa-gabrielkovacs.cs.univie.ac.at/webhook/data,18,0,0,d0e744ba-7c30-4dab-85c8-9c34cfb88d24
1603133816720,19,UC4 receive order,202,HTTP/1.1 202,UC4 4-1,true,,435,0,1,5,http://swa-kovacs-vm1.cs.univie.ac.at/apigate/stores/201/orders/113?call_back=http://swa-gabrielkovacs.cs.univie.ac.at/webhook/data,19,0,0,7e2af909-d4d7-4d34-be4b-b69ab195238d
1603133816869,14,UC7 change price,202,HTTP/1.1 202,UC7 2-1,true,,481,0,1,5,http://swa-kovacs-vm1.cs.univie.ac.at/apigate/stores/200/stockitems/300?call_back=http://swa-gabrielkovacs.cs.univie.ac.at/webhook/data,13,0,0,75e8a6da-0254-4a2e-9c90-970c9c6265cf
1603133816980,17,UC6 delivery reports,202,HTTP/1.1 202,UC6 5-1,true,,380,0,1,5,http://swa-kovacs-vm1.cs.univie.ac.at/apigate/enterprises/901/delivery-reports?call_back=http://swa-gabrielkovacs.cs.univie.ac.at/webhook/data,17,0,0,0c40efee-da20-4b05-be21-6b472070efbb
1603133816985,19,UC5 show stock report,202,HTTP/1.1 202,UC5 1-1,true,,381,0,1,5,http://swa-kovacs-vm1.cs.univie.ac.at/apigate/stores/200/stock-item-reports?call_back=http://swa-gabrielkovacs.cs.univie.ac.at/webhook/data,18,0,0,eb60954f-492e-43a7-bef7-7964689432f0
1603133817035,20,UC3 order products,202,HTTP/1.1 202,UC3 3-1,true,,416,0,1,5,http://swa-kovacs-vm1.cs.univie.ac.at/apigate/stores/201/orders?call_back=http://swa-gabrielkovacs.cs.univie.ac.at/webhook/data,15,0,0,9040847e-c5c5-4eac-9474-9263f62a4d3b
1603133817039,19,UC4 receive order,202,HTTP/1.1 202,UC4 4-1,true,,435,0,1,5,http://swa-kovacs-vm1.cs.univie.ac.at/apigate/stores/201/orders/113?call_back=http://swa-gabrielkovacs.cs.univie.ac.at/webhook/data,19,0,0,cbbdae16-e19d-4285-8b92-4b0310280d4f
1603133817183,15,UC7 change price,202,HTTP/1.1 202,UC7 2-1,true,,481,0,1,5,http://swa-kovacs-vm1.cs.univie.ac.at/apigate/stores/200/stockitems/300?call_back=http://swa-gabrielkovacs.cs.univie.ac.at/webhook/data,15,0,0,a06b7f49-42ca-4b2d-91b3-941afc9b3937
1603133817298,17,UC6 delivery reports,202,HTTP/1.1 202,UC6 5-1,true,,380,0,1,5,http://swa-kovacs-vm1.cs.univie.ac.at/apigate/enterprises/901/delivery-reports?call_back=http://swa-gabrielkovacs.cs.univie.ac.at/webhook/data,16,0,0,8d2a0163-821e-42af-beb8-2ee27164d458
1603133817304,16,UC5 show stock report,202,HTTP/1.1 202,UC5 1-1,true,,381,0,1,5,http://swa-kovacs-vm1.cs.univie.ac.at/apigate/stores/200/stock-item-reports?call_back=http://swa-gabrielkovacs.cs.univie.ac.at/webhook/data,16,0,0,c45092c6-2a72-41f7-82e7-7c6c40042307
1603133817358,18,UC4 receive order,202,HTTP/1.1 202,UC4 4-1,true,,435,0,1,5,http://swa-kovacs-vm1.cs.univie.ac.at/apigate/stores/201/orders/113?call_back=http://swa-gabrielkovacs.cs.univie.ac.at/webhook/data,17,0,0,fb01a6f7-368d-48b3-8154-b3e85964b2f8
1603133817356,21,UC3 order products,202,HTTP/1.1 202,UC3 3-1,true,,416,0,1,5,http://swa-kovacs-vm1.cs.univie.ac.at/apigate/stores/201/orders?call_back=http://swa-gabrielkovacs.cs.univie.ac.at/webhook/data,20,0,0,fb5e242b-db51-4755-a19d-f8447b4a5a09
1603133817499,15,UC7 change price,202,HTTP/1.1 202,UC7 2-1,true,,481,0,1,5,http://swa-kovacs-vm1.cs.univie.ac.at/apigate/stores/200/stockitems/300?call_back=http://swa-gabrielkovacs.cs.univie.ac.at/webhook/data,15,0,0,4b2531ed-0aa1-472a-a535-a6f665e5c2d9
1603133817620,18,UC5 show stock report,202,HTTP/1.1 202,UC5 1-1,true,,381,0,1,5,http://swa-kovacs-vm1.cs.univie.ac.at/apigate/stores/200/stock-item-reports?call_back=http://swa-gabrielkovacs.cs.univie.ac.at/webhook/data,18,0,0,e395fdd4-5b6d-4e61-8f08-b2915b3f5be0
1603133817616,23,UC6 delivery reports,202,HTTP/1.1 202,UC6 5-1,true,,380,0,1,5,http://swa-kovacs-vm1.cs.univie.ac.at/apigate/enterprises/901/delivery-reports?call_back=http://swa-gabrielkovacs.cs.univie.ac.at/webhook/data,23,0,0,6b33a4ab-97f9-4a86-b8c1-6fa3c8f9dcc9
1603133817677,18,UC3 order products,202,HTTP/1.1 202,UC3 3-1,true,,416,0,1,5,http://swa-kovacs-vm1.cs.univie.ac.at/apigate/stores/201/orders?call_back=http://swa-gabrielkovacs.cs.univie.ac.at/webhook/data,18,0,0,d75517b1-91fa-4e5d-9ffa-8dd200383e00
1603133817676,23,UC4 receive order,202,HTTP/1.1 202,UC4 4-1,true,,435,0,1,5,http://swa-kovacs-vm1.cs.univie.ac.at/apigate/stores/201/orders/113?call_back=http://swa-gabrielkovacs.cs.univie.ac.at/webhook/data,23,0,0,31228041-2b74-4027-8504-c2ed51de89b9
1603133817815,19,UC7 change price,202,HTTP/1.1 202,UC7 2-1,true,,481,0,1,5,http://swa-kovacs-vm1.cs.univie.ac.at/apigate/stores/200/stockitems/300?call_back=http://swa-gabrielkovacs.cs.univie.ac.at/webhook/data,19,0,0,48945e0c-541b-409b-ab39-d1b7f4396d3f
1603133817939,19,UC5 show stock report,202,HTTP/1.1 202,UC5 1-1,true,,381,0,1,5,http://swa-kovacs-vm1.cs.univie.ac.at/apigate/stores/200/stock-item-reports?call_back=http://swa-gabrielkovacs.cs.univie.ac.at/webhook/data,17,0,0,a67cf1cd-a4ef-44b3-9a94-e2938e1d5197
1603133817940,21,UC6 delivery reports,202,HTTP/1.1 202,UC6 5-1,true,,380,0,1,5,http://swa-kovacs-vm1.cs.univie.ac.at/apigate/enterprises/901/delivery-reports?call_back=http://swa-gabrielkovacs.cs.univie.ac.at/webhook/data,21,0,0,1f307438-42fc-489e-aa7d-e75977525457
1603133817996,17,UC3 order products,202,HTTP/1.1 202,UC3 3-1,true,,416,0,1,5,http://swa-kovacs-vm1.cs.univie.ac.at/apigate/stores/201/orders?call_back=http://swa-gabrielkovacs.cs.univie.ac.at/webhook/data,16,0,0,4de54b48-35b4-46e1-a802-884f3ef3aa07
1603133818000,17,UC4 receive order,202,HTTP/1.1 202,UC4 4-1,true,,435,0,1,5,http://swa-kovacs-vm1.cs.univie.ac.at/apigate/stores/201/orders/113?call_back=http://swa-gabrielkovacs.cs.univie.ac.at/webhook/data,16,0,0,c24dbc1b-7a79-4f1a-9a34-4bfdd5c020ec
1603133818135,14,UC7 change price,202,HTTP/1.1 202,UC7 2-1,true,,481,0,1,5,http://swa-kovacs-vm1.cs.univie.ac.at/apigate/stores/200/stockitems/300?call_back=http://swa-gabrielkovacs.cs.univie.ac.at/webhook/data,13,0,0,c8913392-0c35-468e-8f36-86d1cc079f7a
1603133818258,21,UC5 show stock report,202,HTTP/1.1 202,UC5 1-1,true,,381,0,1,5,http://swa-kovacs-vm1.cs.univie.ac.at/apigate/stores/200/stock-item-reports?call_back=http://swa-gabrielkovacs.cs.univie.ac.at/webhook/data,21,0,0,5975a5ee-c837-4127-9372-91ddf3be7265
1603133818261,20,UC6 delivery reports,202,HTTP/1.1 202,UC6 5-1,true,,380,0,1,5,http://swa-kovacs-vm1.cs.univie.ac.at/apigate/enterprises/901/delivery-reports?call_back=http://swa-gabrielkovacs.cs.univie.ac.at/webhook/data,19,0,0,f00c7cec-a607-40b2-a4fb-6adfdc3cd49f
1603133818313,17,UC3 order products,202,HTTP/1.1 202,UC3 3-1,true,,416,0,1,5,http://swa-kovacs-vm1.cs.univie.ac.at/apigate/stores/201/orders?call_back=http://swa-gabrielkovacs.cs.univie.ac.at/webhook/data,16,0,0,c6fb6304-5fac-459a-b85a-e7e42fb5234d
1603133818317,17,UC4 receive order,202,HTTP/1.1 202,UC4 4-1,true,,435,0,1,5,http://swa-kovacs-vm1.cs.univie.ac.at/apigate/stores/201/orders/113?call_back=http://swa-gabrielkovacs.cs.univie.ac.at/webhook/data,17,0,0,ac4075ac-d863-4990-b61c-357ec9735ef6
1603133818450,13,UC7 change price,202,HTTP/1.1 202,UC7 2-1,true,,481,0,1,5,http://swa-kovacs-vm1.cs.univie.ac.at/apigate/stores/200/stockitems/300?call_back=http://swa-gabrielkovacs.cs.univie.ac.at/webhook/data,13,0,0,6d07dc79-8af4-406d-904b-9701568bf519
1603133818580,23,UC5 show stock report,202,HTTP/1.1 202,UC5 1-1,true,,381,0,1,5,http://swa-kovacs-vm1.cs.univie.ac.at/apigate/stores/200/stock-item-reports?call_back=http://swa-gabrielkovacs.cs.univie.ac.at/webhook/data,22,0,0,c55dbe45-cd7d-4a55-85fa-8759d5d6b54a
1603133818581,26,UC6 delivery reports,202,HTTP/1.1 202,UC6 5-1,true,,380,0,1,5,http://swa-kovacs-vm1.cs.univie.ac.at/apigate/enterprises/901/delivery-reports?call_back=http://swa-gabrielkovacs.cs.univie.ac.at/webhook/data,26,0,0,22394de8-1893-4096-96cc-bb0d094eec53
1603133818635,15,UC4 receive order,202,HTTP/1.1 202,UC4 4-1,true,,435,0,1,5,http://swa-kovacs-vm1.cs.univie.ac.at/apigate/stores/201/orders/113?call_back=http://swa-gabrielkovacs.cs.univie.ac.at/webhook/data,14,0,0,7b690df7-ee06-4fbd-ade0-72583825a245
1603133818630,22,UC3 order products,202,HTTP/1.1 202,UC3 3-1,true,,416,0,1,5,http://swa-kovacs-vm1.cs.univie.ac.at/apigate/stores/201/orders?call_back=http://swa-gabrielkovacs.cs.univie.ac.at/webhook/data,22,0,0,62ac9309-4d46-4f3c-bdf2-abfde1cf3360
1603133818764,16,UC7 change price,202,HTTP/1.1 202,UC7 2-1,true,,481,0,1,5,http://swa-kovacs-vm1.cs.univie.ac.at/apigate/stores/200/stockitems/300?call_back=http://swa-gabrielkovacs.cs.univie.ac.at/webhook/data,15,0,0,2378cf96-00f9-4586-adf9-45c55a054c9a
1603133818907,19,UC6 delivery reports,202,HTTP/1.1 202,UC6 5-1,true,,380,0,1,5,http://swa-kovacs-vm1.cs.univie.ac.at/apigate/enterprises/901/delivery-reports?call_back=http://swa-gabrielkovacs.cs.univie.ac.at/webhook/data,18,0,0,0dc81807-dff2-4a3b-b25a-1da609f55a7f
1603133818903,26,UC5 show stock report,202,HTTP/1.1 202,UC5 1-1,true,,381,0,1,5,http://swa-kovacs-vm1.cs.univie.ac.at/apigate/stores/200/stock-item-reports?call_back=http://swa-gabrielkovacs.cs.univie.ac.at/webhook/data,21,0,0,34f74e11-a874-4238-899b-698e8bb85277
1603133818951,15,UC4 receive order,202,HTTP/1.1 202,UC4 4-1,true,,435,0,1,5,http://swa-kovacs-vm1.cs.univie.ac.at/apigate/stores/201/orders/113?call_back=http://swa-gabrielkovacs.cs.univie.ac.at/webhook/data,14,0,0,1241bec0-6a29-4bfd-b8b0-4a9960e0c5a2
1603133818952,17,UC3 order products,202,HTTP/1.1 202,UC3 3-1,true,,416,0,1,5,http://swa-kovacs-vm1.cs.univie.ac.at/apigate/stores/201/orders?call_back=http://swa-gabrielkovacs.cs.univie.ac.at/webhook/data,17,0,0,c7c29ace-5454-4315-921d-bf2ee9dac97c
1603133819080,15,UC7 change price,202,HTTP/1.1 202,UC7 2-1,true,,481,0,1,5,http://swa-kovacs-vm1.cs.univie.ac.at/apigate/stores/200/stockitems/300?call_back=http://swa-gabrielkovacs.cs.univie.ac.at/webhook/data,13,0,0,e5a60fe4-5b1e-429b-b05b-1b7d9e884288
1603133819226,21,UC6 delivery reports,202,HTTP/1.1 202,UC6 5-1,true,,380,0,1,5,http://swa-kovacs-vm1.cs.univie.ac.at/apigate/enterprises/901/delivery-reports?call_back=http://swa-gabrielkovacs.cs.univie.ac.at/webhook/data,21,0,0,d6194b4c-dfce-44e8-9a7e-2348b8f0e8aa
1603133819230,17,UC5 show stock report,202,HTTP/1.1 202,UC5 1-1,true,,381,0,1,5,http://swa-kovacs-vm1.cs.univie.ac.at/apigate/stores/200/stock-item-reports?call_back=http://swa-gabrielkovacs.cs.univie.ac.at/webhook/data,17,0,0,3f22742b-82f8-4c5c-9be2-9b01b75d322c
1603133819266,16,UC4 receive order,202,HTTP/1.1 202,UC4 4-1,true,,435,0,1,5,http://swa-kovacs-vm1.cs.univie.ac.at/apigate/stores/201/orders/113?call_back=http://swa-gabrielkovacs.cs.univie.ac.at/webhook/data,16,0,0,bfd5e8f5-8f2b-4391-852e-d2e7af3f2678
1603133819269,18,UC3 order products,202,HTTP/1.1 202,UC3 3-1,true,,416,0,1,5,http://swa-kovacs-vm1.cs.univie.ac.at/apigate/stores/201/orders?call_back=http://swa-gabrielkovacs.cs.univie.ac.at/webhook/data,18,0,0,c2fc5629-3093-405c-83e9-c4d4bb33749e
1603133819395,15,UC7 change price,202,HTTP/1.1 202,UC7 2-1,true,,481,0,1,5,http://swa-kovacs-vm1.cs.univie.ac.at/apigate/stores/200/stockitems/300?call_back=http://swa-gabrielkovacs.cs.univie.ac.at/webhook/data,14,0,0,619cbbef-1889-45ce-be57-ff036be64f4d
1603133819548,15,UC6 delivery reports,202,HTTP/1.1 202,UC6 5-1,true,,380,0,1,5,http://swa-kovacs-vm1.cs.univie.ac.at/apigate/enterprises/901/delivery-reports?call_back=http://swa-gabrielkovacs.cs.univie.ac.at/webhook/data,15,0,0,485ee510-1189-4b38-bb6a-1d06ab4cc9a9
1603133819548,20,UC5 show stock report,202,HTTP/1.1 202,UC5 1-1,true,,381,0,1,5,http://swa-kovacs-vm1.cs.univie.ac.at/apigate/stores/200/stock-item-reports?call_back=http://swa-gabrielkovacs.cs.univie.ac.at/webhook/data,19,0,0,40bb6acb-6b2c-49f1-8fd7-e2184d1c2831
1603133819588,19,UC3 order products,202,HTTP/1.1 202,UC3 3-1,true,,416,0,1,5,http://swa-kovacs-vm1.cs.univie.ac.at/apigate/stores/201/orders?call_back=http://swa-gabrielkovacs.cs.univie.ac.at/webhook/data,18,0,0,d0968e90-593b-48a4-9bcc-2156483d0c58
1603133819582,26,UC4 receive order,202,HTTP/1.1 202,UC4 4-1,true,,435,0,1,5,http://swa-kovacs-vm1.cs.univie.ac.at/apigate/stores/201/orders/113?call_back=http://swa-gabrielkovacs.cs.univie.ac.at/webhook/data,25,0,0,80a7d01e-b4fe-4a27-aded-32e1d15f6c25
1603133819711,14,UC7 change price,202,HTTP/1.1 202,UC7 2-1,true,,481,0,1,5,http://swa-kovacs-vm1.cs.univie.ac.at/apigate/stores/200/stockitems/300?call_back=http://swa-gabrielkovacs.cs.univie.ac.at/webhook/data,14,0,0,e1251635-eea6-47f5-af75-4cd09a0ca38d
1603133819864,23,UC6 delivery reports,202,HTTP/1.1 202,UC6 5-1,true,,380,0,1,5,http://swa-kovacs-vm1.cs.univie.ac.at/apigate/enterprises/901/delivery-reports?call_back=http://swa-gabrielkovacs.cs.univie.ac.at/webhook/data,22,0,0,d284fbe6-a326-4d60-bf3b-d1cf1e923dc5
1603133819868,22,UC5 show stock report,202,HTTP/1.1 202,UC5 1-1,true,,381,0,1,5,http://swa-kovacs-vm1.cs.univie.ac.at/apigate/stores/200/stock-item-reports?call_back=http://swa-gabrielkovacs.cs.univie.ac.at/webhook/data,22,0,0,0fe35ca1-9c21-45a0-b42b-2dd66ba558dd
1603133819908,17,UC3 order products,202,HTTP/1.1 202,UC3 3-1,true,,416,0,1,5,http://swa-kovacs-vm1.cs.univie.ac.at/apigate/stores/201/orders?call_back=http://swa-gabrielkovacs.cs.univie.ac.at/webhook/data,17,0,0,4bc15dbc-b869-47d3-ac12-f6f1449ed199
1603133819908,23,UC4 receive order,202,HTTP/1.1 202,UC4 4-1,true,,435,0,1,5,http://swa-kovacs-vm1.cs.univie.ac.at/apigate/stores/201/orders/113?call_back=http://swa-gabrielkovacs.cs.univie.ac.at/webhook/data,23,0,0,0649fcd8-5c4d-4df9-9ea2-c3d67df47231
1603133820025,15,UC7 change price,202,HTTP/1.1 202,UC7 2-1,true,,481,0,1,5,http://swa-kovacs-vm1.cs.univie.ac.at/apigate/stores/200/stockitems/300?call_back=http://swa-gabrielkovacs.cs.univie.ac.at/webhook/data,15,0,0,3cabcbc6-0ee5-45ec-a96d-d2e791c8a127
1603133820187,19,UC6 delivery reports,202,HTTP/1.1 202,UC6 5-1,true,,380,0,1,5,http://swa-kovacs-vm1.cs.univie.ac.at/apigate/enterprises/901/delivery-reports?call_back=http://swa-gabrielkovacs.cs.univie.ac.at/webhook/data,19,0,0,07f5caa3-9660-4f73-aec9-6b7adebcee90
1603133820190,23,UC5 show stock report,202,HTTP/1.1 202,UC5 1-1,true,,381,0,1,5,http://swa-kovacs-vm1.cs.univie.ac.at/apigate/stores/200/stock-item-reports?call_back=http://swa-gabrielkovacs.cs.univie.ac.at/webhook/data,23,0,0,f8d3c13d-6cdf-4a7d-9c6d-a911323a2cbc
1603133820226,21,UC3 order products,202,HTTP/1.1 202,UC3 3-1,true,,416,0,1,5,http://swa-kovacs-vm1.cs.univie.ac.at/apigate/stores/201/orders?call_back=http://swa-gabrielkovacs.cs.univie.ac.at/webhook/data,20,0,0,574abad5-9ad3-4e35-ba56-5541441223e9
1603133820232,20,UC4 receive order,202,HTTP/1.1 202,UC4 4-1,true,,435,0,1,5,http://swa-kovacs-vm1.cs.univie.ac.at/apigate/stores/201/orders/113?call_back=http://swa-gabrielkovacs.cs.univie.ac.at/webhook/data,20,0,0,a4939a5e-8ea1-41ec-8034-4a01a8e83a6e
1603133820343,15,UC7 change price,202,HTTP/1.1 202,UC7 2-1,true,,481,0,1,5,http://swa-kovacs-vm1.cs.univie.ac.at/apigate/stores/200/stockitems/300?call_back=http://swa-gabrielkovacs.cs.univie.ac.at/webhook/data,15,0,0,52798e4d-f18e-4a36-ba15-ba2dbd989019
1603133820507,18,UC6 delivery reports,202,HTTP/1.1 202,UC6 5-1,true,,380,0,1,5,http://swa-kovacs-vm1.cs.univie.ac.at/apigate/enterprises/901/delivery-reports?call_back=http://swa-gabrielkovacs.cs.univie.ac.at/webhook/data,18,0,0,9c8b88f3-ed5f-4bda-ab84-2741d9f73f00
1603133820513,19,UC5 show stock report,202,HTTP/1.1 202,UC5 1-1,true,,381,0,1,5,http://swa-kovacs-vm1.cs.univie.ac.at/apigate/stores/200/stock-item-reports?call_back=http://swa-gabrielkovacs.cs.univie.ac.at/webhook/data,18,0,0,81eae87e-59a3-4bc1-9af7-29c3baa222d5
1603133820553,17,UC4 receive order,202,HTTP/1.1 202,UC4 4-1,true,,435,0,1,5,http://swa-kovacs-vm1.cs.univie.ac.at/apigate/stores/201/orders/113?call_back=http://swa-gabrielkovacs.cs.univie.ac.at/webhook/data,17,0,0,5c8befcf-b463-4aa7-9589-37c5f147aca9
1603133820548,23,UC3 order products,202,HTTP/1.1 202,UC3 3-1,true,,416,0,1,5,http://swa-kovacs-vm1.cs.univie.ac.at/apigate/stores/201/orders?call_back=http://swa-gabrielkovacs.cs.univie.ac.at/webhook/data,23,0,0,9f335b7d-09d5-4b21-9c8f-0ec3bc7849c1
1603133820659,16,UC7 change price,202,HTTP/1.1 202,UC7 2-1,true,,481,0,1,5,http://swa-kovacs-vm1.cs.univie.ac.at/apigate/stores/200/stockitems/300?call_back=http://swa-gabrielkovacs.cs.univie.ac.at/webhook/data,15,0,0,ba253169-e0db-40db-9e3f-3f6bb6701625
1603133820826,23,UC6 delivery reports,202,HTTP/1.1 202,UC6 5-1,true,,380,0,1,5,http://swa-kovacs-vm1.cs.univie.ac.at/apigate/enterprises/901/delivery-reports?call_back=http://swa-gabrielkovacs.cs.univie.ac.at/webhook/data,22,0,0,119ba95d-fde4-4078-b2bf-f68eab521f6b
1603133820832,21,UC5 show stock report,202,HTTP/1.1 202,UC5 1-1,true,,381,0,1,5,http://swa-kovacs-vm1.cs.univie.ac.at/apigate/stores/200/stock-item-reports?call_back=http://swa-gabrielkovacs.cs.univie.ac.at/webhook/data,20,0,0,da3d9d92-4c8b-4402-bc88-e68717b10631
1603133820871,23,UC3 order products,202,HTTP/1.1 202,UC3 3-1,true,,416,0,1,5,http://swa-kovacs-vm1.cs.univie.ac.at/apigate/stores/201/orders?call_back=http://swa-gabrielkovacs.cs.univie.ac.at/webhook/data,22,0,0,20c8a788-b9e2-4a10-a5d9-90e20ad00e2f
1603133820871,27,UC4 receive order,202,HTTP/1.1 202,UC4 4-1,true,,435,0,1,5,http://swa-kovacs-vm1.cs.univie.ac.at/apigate/stores/201/orders/113?call_back=http://swa-gabrielkovacs.cs.univie.ac.at/webhook/data,27,0,0,f68f65d3-9b56-41d0-8592-0885c1ec7018
1603133820977,17,UC7 change price,202,HTTP/1.1 202,UC7 2-1,true,,481,0,1,5,http://swa-kovacs-vm1.cs.univie.ac.at/apigate/stores/200/stockitems/300?call_back=http://swa-gabrielkovacs.cs.univie.ac.at/webhook/data,16,0,0,ed9b0272-e363-4620-a268-f24528b97ed5
1603133821153,18,UC5 show stock report,202,HTTP/1.1 202,UC5 1-1,true,,381,0,1,5,http://swa-kovacs-vm1.cs.univie.ac.at/apigate/stores/200/stock-item-reports?call_back=http://swa-gabrielkovacs.cs.univie.ac.at/webhook/data,18,0,0,2da1c9bd-6019-4ffe-ad89-31111b4f0aef
1603133821149,23,UC6 delivery reports,202,HTTP/1.1 202,UC6 5-1,true,,380,0,1,5,http://swa-kovacs-vm1.cs.univie.ac.at/apigate/enterprises/901/delivery-reports?call_back=http://swa-gabrielkovacs.cs.univie.ac.at/webhook/data,20,0,0,07442858-6b63-4e7a-89f4-64af91d38ccc
1603133821194,17,UC3 order products,202,HTTP/1.1 202,UC3 3-1,true,,416,0,1,5,http://swa-kovacs-vm1.cs.univie.ac.at/apigate/stores/201/orders?call_back=http://swa-gabrielkovacs.cs.univie.ac.at/webhook/data,16,0,0,4449c9d6-8b96-4c09-a91e-5fafb257775f
1603133821198,22,UC4 receive order,202,HTTP/1.1 202,UC4 4-1,true,,435,0,1,5,http://swa-kovacs-vm1.cs.univie.ac.at/apigate/stores/201/orders/113?call_back=http://swa-gabrielkovacs.cs.univie.ac.at/webhook/data,21,0,0,09b50684-8407-4cf3-8453-2ef994cef144
1603133821294,18,UC7 change price,202,HTTP/1.1 202,UC7 2-1,true,,481,0,1,5,http://swa-kovacs-vm1.cs.univie.ac.at/apigate/stores/200/stockitems/300?call_back=http://swa-gabrielkovacs.cs.univie.ac.at/webhook/data,17,0,0,30eccfc6-5692-4297-8f7a-9add2a661747
1603133821472,17,UC5 show stock report,202,HTTP/1.1 202,UC5 1-1,true,,381,0,1,5,http://swa-kovacs-vm1.cs.univie.ac.at/apigate/stores/200/stock-item-reports?call_back=http://swa-gabrielkovacs.cs.univie.ac.at/webhook/data,16,0,0,50ee0167-e0f6-4ebf-ab72-68e3677fe9b0
1603133821472,22,UC6 delivery reports,202,HTTP/1.1 202,UC6 5-1,true,,380,0,1,5,http://swa-kovacs-vm1.cs.univie.ac.at/apigate/enterprises/901/delivery-reports?call_back=http://swa-gabrielkovacs.cs.univie.ac.at/webhook/data,21,0,0,6b27e2c3-7d42-46a6-996a-49446eab2fe9
1603133821511,17,UC3 order products,202,HTTP/1.1 202,UC3 3-1,true,,416,0,1,5,http://swa-kovacs-vm1.cs.univie.ac.at/apigate/stores/201/orders?call_back=http://swa-gabrielkovacs.cs.univie.ac.at/webhook/data,16,0,0,db65e682-2e8b-4754-b3a0-b4a11c5a02db
1603133821520,18,UC4 receive order,202,HTTP/1.1 202,UC4 4-1,true,,435,0,1,5,http://swa-kovacs-vm1.cs.univie.ac.at/apigate/stores/201/orders/113?call_back=http://swa-gabrielkovacs.cs.univie.ac.at/webhook/data,17,0,0,79a7daa8-944f-4156-9d94-f6ebd530c82f
1603133821612,15,UC7 change price,202,HTTP/1.1 202,UC7 2-1,true,,481,0,1,5,http://swa-kovacs-vm1.cs.univie.ac.at/apigate/stores/200/stockitems/300?call_back=http://swa-gabrielkovacs.cs.univie.ac.at/webhook/data,14,0,0,10217767-5363-410d-8b76-01b2afe9a91e
1603133821789,19,UC5 show stock report,202,HTTP/1.1 202,UC5 1-1,true,,381,0,1,5,http://swa-kovacs-vm1.cs.univie.ac.at/apigate/stores/200/stock-item-reports?call_back=http://swa-gabrielkovacs.cs.univie.ac.at/webhook/data,18,0,0,2308ab53-693e-49b2-8b22-9f74a04a5fb4
1603133821794,20,UC6 delivery reports,202,HTTP/1.1 202,UC6 5-1,true,,380,0,1,5,http://swa-kovacs-vm1.cs.univie.ac.at/apigate/enterprises/901/delivery-reports?call_back=http://swa-gabrielkovacs.cs.univie.ac.at/webhook/data,19,0,0,53a8b855-a2db-4916-ba58-4c85a31bd17c
1603133821829,20,UC3 order products,202,HTTP/1.1 202,UC3 3-1,true,,416,0,1,5,http://swa-kovacs-vm1.cs.univie.ac.at/apigate/stores/201/orders?call_back=http://swa-gabrielkovacs.cs.univie.ac.at/webhook/data,19,0,0,f6ec7194-7149-4e05-aedf-74e17ac0e528
1603133821838,16,UC4 receive order,202,HTTP/1.1 202,UC4 4-1,true,,435,0,1,5,http://swa-kovacs-vm1.cs.univie.ac.at/apigate/stores/201/orders/113?call_back=http://swa-gabrielkovacs.cs.univie.ac.at/webhook/data,15,0,0,2b46f35f-dd9a-4dd2-9bc1-43c7c2a03fd3
1603133821927,15,UC7 change price,202,HTTP/1.1 202,UC7 2-1,true,,481,0,1,5,http://swa-kovacs-vm1.cs.univie.ac.at/apigate/stores/200/stockitems/300?call_back=http://swa-gabrielkovacs.cs.univie.ac.at/webhook/data,15,0,0,daf1c129-a5a1-4b94-b488-39abcbd0a4f7
1603133822114,16,UC6 delivery reports,202,HTTP/1.1 202,UC6 5-1,true,,375,0,1,5,http://swa-kovacs-vm1.cs.univie.ac.at/apigate/enterprises/901/delivery-reports?call_back=http://swa-gabrielkovacs.cs.univie.ac.at/webhook/data,16,0,0,1c67cf3b-d063-49b2-ac87-8eed7e4f2c64
1603133822109,22,UC5 show stock report,202,HTTP/1.1 202,UC5 1-1,true,,381,0,1,5,http://swa-kovacs-vm1.cs.univie.ac.at/apigate/stores/200/stock-item-reports?call_back=http://swa-gabrielkovacs.cs.univie.ac.at/webhook/data,22,0,0,0148c0a1-4919-4f0c-9694-90cb4aa5869e
1603133822150,21,UC3 order products,202,HTTP/1.1 202,UC3 3-1,true,,416,0,1,5,http://swa-kovacs-vm1.cs.univie.ac.at/apigate/stores/201/orders?call_back=http://swa-gabrielkovacs.cs.univie.ac.at/webhook/data,19,0,0,93d03ee6-7d54-42b2-8308-a8e417adcdb8
1603133822154,21,UC4 receive order,202,HTTP/1.1 202,UC4 4-1,true,,435,0,1,5,http://swa-kovacs-vm1.cs.univie.ac.at/apigate/stores/201/orders/113?call_back=http://swa-gabrielkovacs.cs.univie.ac.at/webhook/data,20,0,0,db443a65-9538-4bd5-b328-b2eb6a27a331
1603133822243,16,UC7 change price,202,HTTP/1.1 202,UC7 2-1,true,,481,0,1,5,http://swa-kovacs-vm1.cs.univie.ac.at/apigate/stores/200/stockitems/300?call_back=http://swa-gabrielkovacs.cs.univie.ac.at/webhook/data,15,0,0,7952b0b2-0257-4a31-9cd8-950a018219b0
1603133822430,17,UC6 delivery reports,202,HTTP/1.1 202,UC6 5-1,true,,380,0,1,5,http://swa-kovacs-vm1.cs.univie.ac.at/apigate/enterprises/901/delivery-reports?call_back=http://swa-gabrielkovacs.cs.univie.ac.at/webhook/data,17,0,0,6b7047de-80f3-4752-8d69-468ce6cbf78a
1603133822431,21,UC5 show stock report,202,HTTP/1.1 202,UC5 1-1,true,,381,0,1,5,http://swa-kovacs-vm1.cs.univie.ac.at/apigate/stores/200/stock-item-reports?call_back=http://swa-gabrielkovacs.cs.univie.ac.at/webhook/data,20,0,0,05c1fd8d-e269-4019-8fbe-ce5163c1c034
1603133822471,21,UC3 order products,202,HTTP/1.1 202,UC3 3-1,true,,416,0,1,5,http://swa-kovacs-vm1.cs.univie.ac.at/apigate/stores/201/orders?call_back=http://swa-gabrielkovacs.cs.univie.ac.at/webhook/data,19,0,0,701da836-7735-48f5-99d4-eeae76c37180
1603133822475,18,UC4 receive order,202,HTTP/1.1 202,UC4 4-1,true,,435,0,1,5,http://swa-kovacs-vm1.cs.univie.ac.at/apigate/stores/201/orders/113?call_back=http://swa-gabrielkovacs.cs.univie.ac.at/webhook/data,18,0,0,107f82a4-a0dd-4f71-8a19-f930859b3091
1603133822559,14,UC7 change price,202,HTTP/1.1 202,UC7 2-1,true,,481,0,1,5,http://swa-kovacs-vm1.cs.univie.ac.at/apigate/stores/200/stockitems/300?call_back=http://swa-gabrielkovacs.cs.univie.ac.at/webhook/data,14,0,0,d1fd562c-e01c-47b8-a55e-8f2c30b59b46
1603133822748,16,UC6 delivery reports,202,HTTP/1.1 202,UC6 5-1,true,,380,0,1,5,http://swa-kovacs-vm1.cs.univie.ac.at/apigate/enterprises/901/delivery-reports?call_back=http://swa-gabrielkovacs.cs.univie.ac.at/webhook/data,16,0,0,85a97931-316d-42bd-8050-8eeb374890fa
1603133822752,17,UC5 show stock report,202,HTTP/1.1 202,UC5 1-1,true,,381,0,1,5,http://swa-kovacs-vm1.cs.univie.ac.at/apigate/stores/200/stock-item-reports?call_back=http://swa-gabrielkovacs.cs.univie.ac.at/webhook/data,17,0,0,5804f330-7ff1-4beb-a72c-da0b0d234652
1603133822793,16,UC4 receive order,202,HTTP/1.1 202,UC4 4-1,true,,435,0,1,5,http://swa-kovacs-vm1.cs.univie.ac.at/apigate/stores/201/orders/113?call_back=http://swa-gabrielkovacs.cs.univie.ac.at/webhook/data,16,0,0,86417991-3643-4c63-81b4-563b883d8a97
1603133822792,21,UC3 order products,202,HTTP/1.1 202,UC3 3-1,true,,416,0,1,5,http://swa-kovacs-vm1.cs.univie.ac.at/apigate/stores/201/orders?call_back=http://swa-gabrielkovacs.cs.univie.ac.at/webhook/data,20,0,0,71f0250d-c14f-4a70-9502-eadfc24630f0
1603133822874,22,UC7 change price,202,HTTP/1.1 202,UC7 2-1,true,,481,0,1,5,http://swa-kovacs-vm1.cs.univie.ac.at/apigate/stores/200/stockitems/300?call_back=http://swa-gabrielkovacs.cs.univie.ac.at/webhook/data,21,0,0,1ae011d9-5a76-4ad4-bb94-553a136e2778
1603133823066,20,UC6 delivery reports,202,HTTP/1.1 202,UC6 5-1,true,,380,0,1,5,http://swa-kovacs-vm1.cs.univie.ac.at/apigate/enterprises/901/delivery-reports?call_back=http://swa-gabrielkovacs.cs.univie.ac.at/webhook/data,19,0,0,1dae598d-6dea-44c4-b385-d2a1b182337c
1603133823070,18,UC5 show stock report,202,HTTP/1.1 202,UC5 1-1,true,,381,0,1,5,http://swa-kovacs-vm1.cs.univie.ac.at/apigate/stores/200/stock-item-reports?call_back=http://swa-gabrielkovacs.cs.univie.ac.at/webhook/data,17,0,0,b760b7dd-40a6-4364-b86b-b12b2cd5c323
1603133823111,17,UC4 receive order,202,HTTP/1.1 202,UC4 4-1,true,,435,0,1,5,http://swa-kovacs-vm1.cs.univie.ac.at/apigate/stores/201/orders/113?call_back=http://swa-gabrielkovacs.cs.univie.ac.at/webhook/data,17,0,0,50128343-f332-4a5c-a390-a9944b75cc85
1603133823114,20,UC3 order products,202,HTTP/1.1 202,UC3 3-1,true,,416,0,1,5,http://swa-kovacs-vm1.cs.univie.ac.at/apigate/stores/201/orders?call_back=http://swa-gabrielkovacs.cs.univie.ac.at/webhook/data,20,0,0,06b7e52c-024d-4af5-b87f-7afd28f84825
1603133823197,15,UC7 change price,202,HTTP/1.1 202,UC7 2-1,true,,481,0,1,5,http://swa-kovacs-vm1.cs.univie.ac.at/apigate/stores/200/stockitems/300?call_back=http://swa-gabrielkovacs.cs.univie.ac.at/webhook/data,15,0,0,218e5549-3fdf-41b1-b2fc-73bd48b46f12
1603133823386,17,UC6 delivery reports,202,HTTP/1.1 202,UC6 5-1,true,,380,0,1,5,http://swa-kovacs-vm1.cs.univie.ac.at/apigate/enterprises/901/delivery-reports?call_back=http://swa-gabrielkovacs.cs.univie.ac.at/webhook/data,17,0,0,a6266ad3-0b47-4390-8947-b1cf6bf11b30
1603133823388,21,UC5 show stock report,202,HTTP/1.1 202,UC5 1-1,true,,381,0,1,4,http://swa-kovacs-vm1.cs.univie.ac.at/apigate/stores/200/stock-item-reports?call_back=http://swa-gabrielkovacs.cs.univie.ac.at/webhook/data,21,0,0,298d3032-4292-44a1-b50f-8bf8346f9a87
1603133823428,16,UC4 receive order,202,HTTP/1.1 202,UC4 4-1,true,,435,0,1,4,http://swa-kovacs-vm1.cs.univie.ac.at/apigate/stores/201/orders/113?call_back=http://swa-gabrielkovacs.cs.univie.ac.at/webhook/data,15,0,0,a8c3bb2b-fef3-4b5d-a9c1-f859e0b38a15
1603133823435,16,UC3 order products,202,HTTP/1.1 202,UC3 3-1,true,,416,0,1,4,http://swa-kovacs-vm1.cs.univie.ac.at/apigate/stores/201/orders?call_back=http://swa-gabrielkovacs.cs.univie.ac.at/webhook/data,15,0,0,bdd8211b-334d-43f1-8492-a4047f8a5f14
1603133823514,14,UC7 change price,202,HTTP/1.1 202,UC7 2-1,true,,481,0,1,3,http://swa-kovacs-vm1.cs.univie.ac.at/apigate/stores/200/stockitems/300?call_back=http://swa-gabrielkovacs.cs.univie.ac.at/webhook/data,14,0,0,4ba9b666-2f2a-4077-9321-fad2cc8643c2
1603133823710,16,UC5 show stock report,202,HTTP/1.1 202,UC5 1-1,true,,381,0,1,3,http://swa-kovacs-vm1.cs.univie.ac.at/apigate/stores/200/stock-item-reports?call_back=http://swa-gabrielkovacs.cs.univie.ac.at/webhook/data,14,0,0,a49708a2-96b4-4155-9647-f1a0c7efc7de
1603133823744,13,UC4 receive order,202,HTTP/1.1 202,UC4 4-1,true,,435,0,1,2,http://swa-kovacs-vm1.cs.univie.ac.at/apigate/stores/201/orders/113?call_back=http://swa-gabrielkovacs.cs.univie.ac.at/webhook/data,12,0,0,5d44f443-4756-4f80-840a-be66d42613ad
1603133823829,15,UC7 change price,202,HTTP/1.1 202,UC7 2-1,true,,481,0,1,1,http://swa-kovacs-vm1.cs.univie.ac.at/apigate/stores/200/stockitems/300?call_back=http://swa-gabrielkovacs.cs.univie.ac.at/webhook/data,14,0,0,1d8ff030-9bb7-43cb-855a-cf7b3c998d18
