timeStamp,elapsed,label,responseCode,responseMessage,threadName,success,failureMessage,bytes,sentBytes,grpThreads,allThreads,URL,Latency,IdleTime,Connect,"uuid"
1603711055051,40,UC4 receive order,200,HTTP/1.1 200,UC4 4-1,true,,127,0,1,5,http://swa-kovacs-vm1.cs.univie.ac.at/apigate/stores/201/orders/113,35,0,0,null
1603711055051,40,UC6 delivery reports,200,HTTP/1.1 200,UC6 5-1,true,,342,0,1,5,http://swa-kovacs-vm1.cs.univie.ac.at/apigate/enterprises/901/delivery-reports,38,0,0,null
1603711055051,42,UC7 change price,200,HTTP/1.1 200,UC7 2-1,true,,127,0,1,5,http://swa-kovacs-vm1.cs.univie.ac.at/apigate/stores/200/stockitems/300,29,0,0,null
1603711055051,46,UC3 order products,201,HTTP/1.1 201,UC3 3-1,true,,242,0,1,5,http://swa-kovacs-vm1.cs.univie.ac.at/apigate/stores/201/orders,33,0,0,null
1603711055051,47,UC5 show stock report,200,HTTP/1.1 200,UC5 1-1,true,,384,0,1,5,http://swa-kovacs-vm1.cs.univie.ac.at/apigate/stores/200/stock-item-reports,30,0,0,null
1603711055403,21,UC7 change price,200,HTTP/1.1 200,UC7 2-1,true,,127,0,1,5,http://swa-kovacs-vm1.cs.univie.ac.at/apigate/stores/200/stockitems/300,21,0,0,null
1603711055404,20,UC3 order products,201,HTTP/1.1 201,UC3 3-1,true,,242,0,1,5,http://swa-kovacs-vm1.cs.univie.ac.at/apigate/stores/201/orders,20,0,0,null
1603711055405,20,UC5 show stock report,200,HTTP/1.1 200,UC5 1-1,true,,384,0,1,5,http://swa-kovacs-vm1.cs.univie.ac.at/apigate/stores/200/stock-item-reports,20,0,0,null
1603711055398,29,UC4 receive order,200,HTTP/1.1 200,UC4 4-1,true,,127,0,1,5,http://swa-kovacs-vm1.cs.univie.ac.at/apigate/stores/201/orders/113,29,0,0,null
1603711055399,35,UC6 delivery reports,200,HTTP/1.1 200,UC6 5-1,true,,342,0,1,5,http://swa-kovacs-vm1.cs.univie.ac.at/apigate/enterprises/901/delivery-reports,35,0,0,null
1603711055726,10,UC5 show stock report,200,HTTP/1.1 200,UC5 1-1,true,,384,0,1,5,http://swa-kovacs-vm1.cs.univie.ac.at/apigate/stores/200/stock-item-reports,10,0,0,null
1603711055725,12,UC7 change price,200,HTTP/1.1 200,UC7 2-1,true,,127,0,1,5,http://swa-kovacs-vm1.cs.univie.ac.at/apigate/stores/200/stockitems/300,12,0,0,null
1603711055725,13,UC3 order products,201,HTTP/1.1 201,UC3 3-1,true,,242,0,1,5,http://swa-kovacs-vm1.cs.univie.ac.at/apigate/stores/201/orders,13,0,0,null
1603711055728,18,UC4 receive order,200,HTTP/1.1 200,UC4 4-1,true,,127,0,1,5,http://swa-kovacs-vm1.cs.univie.ac.at/apigate/stores/201/orders/113,18,0,0,null
1603711055735,15,UC6 delivery reports,200,HTTP/1.1 200,UC6 5-1,true,,342,0,1,5,http://swa-kovacs-vm1.cs.univie.ac.at/apigate/enterprises/901/delivery-reports,15,0,0,null
1603711056037,8,UC5 show stock report,200,HTTP/1.1 200,UC5 1-1,true,,384,0,1,5,http://swa-kovacs-vm1.cs.univie.ac.at/apigate/stores/200/stock-item-reports,8,0,0,null
1603711056038,7,UC7 change price,200,HTTP/1.1 200,UC7 2-1,true,,127,0,1,5,http://swa-kovacs-vm1.cs.univie.ac.at/apigate/stores/200/stockitems/300,7,0,0,null
1603711056039,11,UC3 order products,201,HTTP/1.1 201,UC3 3-1,true,,242,0,1,5,http://swa-kovacs-vm1.cs.univie.ac.at/apigate/stores/201/orders,10,0,0,null
1603711056047,15,UC4 receive order,200,HTTP/1.1 200,UC4 4-1,true,,127,0,1,5,http://swa-kovacs-vm1.cs.univie.ac.at/apigate/stores/201/orders/113,15,0,0,null
1603711056051,17,UC6 delivery reports,200,HTTP/1.1 200,UC6 5-1,true,,342,0,1,5,http://swa-kovacs-vm1.cs.univie.ac.at/apigate/enterprises/901/delivery-reports,17,0,0,null
1603711056347,8,UC7 change price,200,HTTP/1.1 200,UC7 2-1,true,,127,0,1,5,http://swa-kovacs-vm1.cs.univie.ac.at/apigate/stores/200/stockitems/300,8,0,0,null
1603711056346,9,UC5 show stock report,200,HTTP/1.1 200,UC5 1-1,true,,384,0,1,5,http://swa-kovacs-vm1.cs.univie.ac.at/apigate/stores/200/stock-item-reports,9,0,0,null
1603711056351,7,UC3 order products,201,HTTP/1.1 201,UC3 3-1,true,,242,0,1,5,http://swa-kovacs-vm1.cs.univie.ac.at/apigate/stores/201/orders,7,0,0,null
1603711056363,15,UC4 receive order,200,HTTP/1.1 200,UC4 4-1,true,,127,0,1,5,http://swa-kovacs-vm1.cs.univie.ac.at/apigate/stores/201/orders/113,15,0,0,null
1603711056369,15,UC6 delivery reports,200,HTTP/1.1 200,UC6 5-1,true,,342,0,1,5,http://swa-kovacs-vm1.cs.univie.ac.at/apigate/enterprises/901/delivery-reports,15,0,0,null
1603711056656,8,UC7 change price,200,HTTP/1.1 200,UC7 2-1,true,,127,0,1,5,http://swa-kovacs-vm1.cs.univie.ac.at/apigate/stores/200/stockitems/300,8,0,0,null
1603711056656,9,UC5 show stock report,200,HTTP/1.1 200,UC5 1-1,true,,384,0,1,5,http://swa-kovacs-vm1.cs.univie.ac.at/apigate/stores/200/stock-item-reports,9,0,0,null
1603711056659,10,UC3 order products,201,HTTP/1.1 201,UC3 3-1,true,,242,0,1,5,http://swa-kovacs-vm1.cs.univie.ac.at/apigate/stores/201/orders,10,0,0,null
1603711056679,15,UC4 receive order,200,HTTP/1.1 200,UC4 4-1,true,,127,0,1,5,http://swa-kovacs-vm1.cs.univie.ac.at/apigate/stores/201/orders/113,15,0,0,null
1603711056685,14,UC6 delivery reports,200,HTTP/1.1 200,UC6 5-1,true,,342,0,1,5,http://swa-kovacs-vm1.cs.univie.ac.at/apigate/enterprises/901/delivery-reports,14,0,0,null
1603711056965,8,UC7 change price,200,HTTP/1.1 200,UC7 2-1,true,,127,0,1,5,http://swa-kovacs-vm1.cs.univie.ac.at/apigate/stores/200/stockitems/300,8,0,0,null
1603711056966,9,UC5 show stock report,200,HTTP/1.1 200,UC5 1-1,true,,384,0,1,5,http://swa-kovacs-vm1.cs.univie.ac.at/apigate/stores/200/stock-item-reports,9,0,0,null
1603711056970,8,UC3 order products,201,HTTP/1.1 201,UC3 3-1,true,,242,0,1,5,http://swa-kovacs-vm1.cs.univie.ac.at/apigate/stores/201/orders,8,0,0,null
1603711056995,19,UC4 receive order,200,HTTP/1.1 200,UC4 4-1,true,,127,0,1,5,http://swa-kovacs-vm1.cs.univie.ac.at/apigate/stores/201/orders/113,19,0,0,null
1603711057000,15,UC6 delivery reports,200,HTTP/1.1 200,UC6 5-1,true,,342,0,1,5,http://swa-kovacs-vm1.cs.univie.ac.at/apigate/enterprises/901/delivery-reports,15,0,0,null
1603711057276,7,UC5 show stock report,200,HTTP/1.1 200,UC5 1-1,true,,384,0,1,5,http://swa-kovacs-vm1.cs.univie.ac.at/apigate/stores/200/stock-item-reports,7,0,0,null
1603711057275,9,UC7 change price,200,HTTP/1.1 200,UC7 2-1,true,,127,0,1,5,http://swa-kovacs-vm1.cs.univie.ac.at/apigate/stores/200/stockitems/300,9,0,0,null
1603711057278,10,UC3 order products,201,HTTP/1.1 201,UC3 3-1,true,,242,0,1,5,http://swa-kovacs-vm1.cs.univie.ac.at/apigate/stores/201/orders,10,0,0,null
1603711057316,14,UC6 delivery reports,200,HTTP/1.1 200,UC6 5-1,true,,342,0,1,5,http://swa-kovacs-vm1.cs.univie.ac.at/apigate/enterprises/901/delivery-reports,14,0,0,null
1603711057315,17,UC4 receive order,200,HTTP/1.1 200,UC4 4-1,true,,127,0,1,5,http://swa-kovacs-vm1.cs.univie.ac.at/apigate/stores/201/orders/113,17,0,0,null
1603711057584,8,UC5 show stock report,200,HTTP/1.1 200,UC5 1-1,true,,384,0,1,5,http://swa-kovacs-vm1.cs.univie.ac.at/apigate/stores/200/stock-item-reports,8,0,0,null
1603711057585,8,UC7 change price,200,HTTP/1.1 200,UC7 2-1,true,,127,0,1,5,http://swa-kovacs-vm1.cs.univie.ac.at/apigate/stores/200/stockitems/300,8,0,0,null
1603711057589,9,UC3 order products,201,HTTP/1.1 201,UC3 3-1,true,,242,0,1,5,http://swa-kovacs-vm1.cs.univie.ac.at/apigate/stores/201/orders,9,0,0,null
1603711057632,16,UC4 receive order,200,HTTP/1.1 200,UC4 4-1,true,,127,0,1,5,http://swa-kovacs-vm1.cs.univie.ac.at/apigate/stores/201/orders/113,16,0,0,null
1603711057632,20,UC6 delivery reports,200,HTTP/1.1 200,UC6 5-1,true,,342,0,1,5,http://swa-kovacs-vm1.cs.univie.ac.at/apigate/enterprises/901/delivery-reports,20,0,0,null
1603711057894,7,UC7 change price,200,HTTP/1.1 200,UC7 2-1,true,,127,0,1,5,http://swa-kovacs-vm1.cs.univie.ac.at/apigate/stores/200/stockitems/300,7,0,0,null
1603711057893,9,UC5 show stock report,200,HTTP/1.1 200,UC5 1-1,true,,384,0,1,5,http://swa-kovacs-vm1.cs.univie.ac.at/apigate/stores/200/stock-item-reports,9,0,0,null
1603711057899,9,UC3 order products,201,HTTP/1.1 201,UC3 3-1,true,,242,0,1,5,http://swa-kovacs-vm1.cs.univie.ac.at/apigate/stores/201/orders,9,0,0,null
1603711057949,14,UC4 receive order,200,HTTP/1.1 200,UC4 4-1,true,,127,0,1,5,http://swa-kovacs-vm1.cs.univie.ac.at/apigate/stores/201/orders/113,14,0,0,null
1603711057953,14,UC6 delivery reports,200,HTTP/1.1 200,UC6 5-1,true,,342,0,1,5,http://swa-kovacs-vm1.cs.univie.ac.at/apigate/enterprises/901/delivery-reports,14,0,0,null
1603711058202,9,UC5 show stock report,200,HTTP/1.1 200,UC5 1-1,true,,384,0,1,5,http://swa-kovacs-vm1.cs.univie.ac.at/apigate/stores/200/stock-item-reports,9,0,0,null
1603711058202,10,UC7 change price,200,HTTP/1.1 200,UC7 2-1,true,,127,0,1,5,http://swa-kovacs-vm1.cs.univie.ac.at/apigate/stores/200/stockitems/300,10,0,0,null
1603711058209,11,UC3 order products,201,HTTP/1.1 201,UC3 3-1,true,,242,0,1,5,http://swa-kovacs-vm1.cs.univie.ac.at/apigate/stores/201/orders,11,0,0,null
1603711058264,15,UC4 receive order,200,HTTP/1.1 200,UC4 4-1,true,,127,0,1,5,http://swa-kovacs-vm1.cs.univie.ac.at/apigate/stores/201/orders/113,15,0,0,null
1603711058268,15,UC6 delivery reports,200,HTTP/1.1 200,UC6 5-1,true,,342,0,1,5,http://swa-kovacs-vm1.cs.univie.ac.at/apigate/enterprises/901/delivery-reports,15,0,0,null
1603711058513,8,UC5 show stock report,200,HTTP/1.1 200,UC5 1-1,true,,384,0,1,5,http://swa-kovacs-vm1.cs.univie.ac.at/apigate/stores/200/stock-item-reports,8,0,0,null
1603711058514,8,UC7 change price,200,HTTP/1.1 200,UC7 2-1,true,,127,0,1,5,http://swa-kovacs-vm1.cs.univie.ac.at/apigate/stores/200/stockitems/300,8,0,0,null
1603711058522,8,UC3 order products,201,HTTP/1.1 201,UC3 3-1,true,,242,0,1,5,http://swa-kovacs-vm1.cs.univie.ac.at/apigate/stores/201/orders,8,0,0,null
1603711058580,16,UC4 receive order,200,HTTP/1.1 200,UC4 4-1,true,,127,0,1,5,http://swa-kovacs-vm1.cs.univie.ac.at/apigate/stores/201/orders/113,16,0,0,null
1603711058583,17,UC6 delivery reports,200,HTTP/1.1 200,UC6 5-1,true,,342,0,1,5,http://swa-kovacs-vm1.cs.univie.ac.at/apigate/enterprises/901/delivery-reports,17,0,0,null
1603711058822,8,UC5 show stock report,200,HTTP/1.1 200,UC5 1-1,true,,384,0,1,5,http://swa-kovacs-vm1.cs.univie.ac.at/apigate/stores/200/stock-item-reports,8,0,0,null
1603711058823,8,UC7 change price,200,HTTP/1.1 200,UC7 2-1,true,,127,0,1,5,http://swa-kovacs-vm1.cs.univie.ac.at/apigate/stores/200/stockitems/300,8,0,0,null
1603711058831,11,UC3 order products,201,HTTP/1.1 201,UC3 3-1,true,,242,0,1,5,http://swa-kovacs-vm1.cs.univie.ac.at/apigate/stores/201/orders,11,0,0,null
1603711058900,14,UC6 delivery reports,200,HTTP/1.1 200,UC6 5-1,true,,342,0,1,5,http://swa-kovacs-vm1.cs.univie.ac.at/apigate/enterprises/901/delivery-reports,13,0,0,null
1603711058897,17,UC4 receive order,200,HTTP/1.1 200,UC4 4-1,true,,127,0,1,5,http://swa-kovacs-vm1.cs.univie.ac.at/apigate/stores/201/orders/113,17,0,0,null
1603711059131,8,UC5 show stock report,200,HTTP/1.1 200,UC5 1-1,true,,384,0,1,5,http://swa-kovacs-vm1.cs.univie.ac.at/apigate/stores/200/stock-item-reports,8,0,0,null
1603711059131,9,UC7 change price,200,HTTP/1.1 200,UC7 2-1,true,,127,0,1,5,http://swa-kovacs-vm1.cs.univie.ac.at/apigate/stores/200/stockitems/300,9,0,0,null
1603711059143,9,UC3 order products,201,HTTP/1.1 201,UC3 3-1,true,,242,0,1,5,http://swa-kovacs-vm1.cs.univie.ac.at/apigate/stores/201/orders,9,0,0,null
1603711059215,16,UC4 receive order,200,HTTP/1.1 200,UC4 4-1,true,,127,0,1,5,http://swa-kovacs-vm1.cs.univie.ac.at/apigate/stores/201/orders/113,16,0,0,null
1603711059215,17,UC6 delivery reports,200,HTTP/1.1 200,UC6 5-1,true,,342,0,1,5,http://swa-kovacs-vm1.cs.univie.ac.at/apigate/enterprises/901/delivery-reports,17,0,0,null
1603711059440,7,UC5 show stock report,200,HTTP/1.1 200,UC5 1-1,true,,384,0,1,5,http://swa-kovacs-vm1.cs.univie.ac.at/apigate/stores/200/stock-item-reports,7,0,0,null
1603711059441,7,UC7 change price,200,HTTP/1.1 200,UC7 2-1,true,,127,0,1,5,http://swa-kovacs-vm1.cs.univie.ac.at/apigate/stores/200/stockitems/300,7,0,0,null
1603711059452,9,UC3 order products,201,HTTP/1.1 201,UC3 3-1,true,,242,0,1,5,http://swa-kovacs-vm1.cs.univie.ac.at/apigate/stores/201/orders,9,0,0,null
1603711059533,15,UC6 delivery reports,200,HTTP/1.1 200,UC6 5-1,true,,342,0,1,5,http://swa-kovacs-vm1.cs.univie.ac.at/apigate/enterprises/901/delivery-reports,15,0,0,null
1603711059533,16,UC4 receive order,200,HTTP/1.1 200,UC4 4-1,true,,127,0,1,5,http://swa-kovacs-vm1.cs.univie.ac.at/apigate/stores/201/orders/113,16,0,0,null
1603711059748,9,UC5 show stock report,200,HTTP/1.1 200,UC5 1-1,true,,384,0,1,5,http://swa-kovacs-vm1.cs.univie.ac.at/apigate/stores/200/stock-item-reports,9,0,0,null
1603711059749,8,UC7 change price,200,HTTP/1.1 200,UC7 2-1,true,,127,0,1,5,http://swa-kovacs-vm1.cs.univie.ac.at/apigate/stores/200/stockitems/300,8,0,0,null
1603711059762,8,UC3 order products,201,HTTP/1.1 201,UC3 3-1,true,,242,0,1,5,http://swa-kovacs-vm1.cs.univie.ac.at/apigate/stores/201/orders,8,0,0,null
1603711059850,17,UC4 receive order,200,HTTP/1.1 200,UC4 4-1,true,,127,0,1,5,http://swa-kovacs-vm1.cs.univie.ac.at/apigate/stores/201/orders/113,17,0,0,null
1603711059849,19,UC6 delivery reports,200,HTTP/1.1 200,UC6 5-1,true,,342,0,1,5,http://swa-kovacs-vm1.cs.univie.ac.at/apigate/enterprises/901/delivery-reports,19,0,0,null
1603711060058,8,UC7 change price,200,HTTP/1.1 200,UC7 2-1,true,,127,0,1,5,http://swa-kovacs-vm1.cs.univie.ac.at/apigate/stores/200/stockitems/300,8,0,0,null
1603711060058,9,UC5 show stock report,200,HTTP/1.1 200,UC5 1-1,true,,384,0,1,5,http://swa-kovacs-vm1.cs.univie.ac.at/apigate/stores/200/stock-item-reports,8,0,0,null
1603711060071,12,UC3 order products,201,HTTP/1.1 201,UC3 3-1,true,,242,0,1,5,http://swa-kovacs-vm1.cs.univie.ac.at/apigate/stores/201/orders,12,0,0,null
1603711060169,14,UC6 delivery reports,200,HTTP/1.1 200,UC6 5-1,true,,342,0,1,5,http://swa-kovacs-vm1.cs.univie.ac.at/apigate/enterprises/901/delivery-reports,13,0,0,null
1603711060168,19,UC4 receive order,200,HTTP/1.1 200,UC4 4-1,true,,127,0,1,5,http://swa-kovacs-vm1.cs.univie.ac.at/apigate/stores/201/orders/113,19,0,0,null
1603711060367,8,UC5 show stock report,200,HTTP/1.1 200,UC5 1-1,true,,384,0,1,5,http://swa-kovacs-vm1.cs.univie.ac.at/apigate/stores/200/stock-item-reports,8,0,0,null
1603711060367,9,UC7 change price,200,HTTP/1.1 200,UC7 2-1,true,,127,0,1,5,http://swa-kovacs-vm1.cs.univie.ac.at/apigate/stores/200/stockitems/300,9,0,0,null
1603711060384,8,UC3 order products,201,HTTP/1.1 201,UC3 3-1,true,,242,0,1,5,http://swa-kovacs-vm1.cs.univie.ac.at/apigate/stores/201/orders,8,0,0,null
1603711060484,16,UC6 delivery reports,200,HTTP/1.1 200,UC6 5-1,true,,342,0,1,5,http://swa-kovacs-vm1.cs.univie.ac.at/apigate/enterprises/901/delivery-reports,16,0,0,null
1603711060488,19,UC4 receive order,200,HTTP/1.1 200,UC4 4-1,true,,127,0,1,5,http://swa-kovacs-vm1.cs.univie.ac.at/apigate/stores/201/orders/113,19,0,0,null
1603711060676,8,UC5 show stock report,200,HTTP/1.1 200,UC5 1-1,true,,384,0,1,5,http://swa-kovacs-vm1.cs.univie.ac.at/apigate/stores/200/stock-item-reports,8,0,0,null
1603711060676,9,UC7 change price,200,HTTP/1.1 200,UC7 2-1,true,,127,0,1,5,http://swa-kovacs-vm1.cs.univie.ac.at/apigate/stores/200/stockitems/300,9,0,0,null
1603711060692,9,UC3 order products,201,HTTP/1.1 201,UC3 3-1,true,,242,0,1,5,http://swa-kovacs-vm1.cs.univie.ac.at/apigate/stores/201/orders,9,0,0,null
1603711060802,26,UC6 delivery reports,200,HTTP/1.1 200,UC6 5-1,true,,342,0,1,5,http://swa-kovacs-vm1.cs.univie.ac.at/apigate/enterprises/901/delivery-reports,25,0,0,null
1603711060808,21,UC4 receive order,200,HTTP/1.1 200,UC4 4-1,true,,127,0,1,5,http://swa-kovacs-vm1.cs.univie.ac.at/apigate/stores/201/orders/113,21,0,0,null
1603711060985,7,UC5 show stock report,200,HTTP/1.1 200,UC5 1-1,true,,384,0,1,5,http://swa-kovacs-vm1.cs.univie.ac.at/apigate/stores/200/stock-item-reports,7,0,0,null
1603711060986,8,UC7 change price,200,HTTP/1.1 200,UC7 2-1,true,,127,0,1,5,http://swa-kovacs-vm1.cs.univie.ac.at/apigate/stores/200/stockitems/300,8,0,0,null
1603711061001,10,UC3 order products,201,HTTP/1.1 201,UC3 3-1,true,,242,0,1,5,http://swa-kovacs-vm1.cs.univie.ac.at/apigate/stores/201/orders,9,0,0,null
1603711061129,17,UC6 delivery reports,200,HTTP/1.1 200,UC6 5-1,true,,342,0,1,5,http://swa-kovacs-vm1.cs.univie.ac.at/apigate/enterprises/901/delivery-reports,16,0,0,null
1603711061129,17,UC4 receive order,200,HTTP/1.1 200,UC4 4-1,true,,127,0,1,5,http://swa-kovacs-vm1.cs.univie.ac.at/apigate/stores/201/orders/113,17,0,0,null
1603711061294,8,UC7 change price,200,HTTP/1.1 200,UC7 2-1,true,,127,0,1,5,http://swa-kovacs-vm1.cs.univie.ac.at/apigate/stores/200/stockitems/300,8,0,0,null
1603711061293,9,UC5 show stock report,200,HTTP/1.1 200,UC5 1-1,true,,384,0,1,5,http://swa-kovacs-vm1.cs.univie.ac.at/apigate/stores/200/stock-item-reports,9,0,0,null
1603711061311,8,UC3 order products,201,HTTP/1.1 201,UC3 3-1,true,,242,0,1,5,http://swa-kovacs-vm1.cs.univie.ac.at/apigate/stores/201/orders,8,0,0,null
1603711061446,18,UC6 delivery reports,200,HTTP/1.1 200,UC6 5-1,true,,342,0,1,5,http://swa-kovacs-vm1.cs.univie.ac.at/apigate/enterprises/901/delivery-reports,18,0,0,null
1603711061447,21,UC4 receive order,200,HTTP/1.1 200,UC4 4-1,true,,127,0,1,5,http://swa-kovacs-vm1.cs.univie.ac.at/apigate/stores/201/orders/113,21,0,0,null
1603711061603,9,UC7 change price,200,HTTP/1.1 200,UC7 2-1,true,,127,0,1,5,http://swa-kovacs-vm1.cs.univie.ac.at/apigate/stores/200/stockitems/300,9,0,0,null
1603711061603,9,UC5 show stock report,200,HTTP/1.1 200,UC5 1-1,true,,384,0,1,5,http://swa-kovacs-vm1.cs.univie.ac.at/apigate/stores/200/stock-item-reports,9,0,0,null
1603711061620,10,UC3 order products,201,HTTP/1.1 201,UC3 3-1,true,,242,0,1,5,http://swa-kovacs-vm1.cs.univie.ac.at/apigate/stores/201/orders,10,0,0,null
1603711061765,17,UC6 delivery reports,200,HTTP/1.1 200,UC6 5-1,true,,342,0,1,5,http://swa-kovacs-vm1.cs.univie.ac.at/apigate/enterprises/901/delivery-reports,17,0,0,null
1603711061768,18,UC4 receive order,200,HTTP/1.1 200,UC4 4-1,true,,127,0,1,5,http://swa-kovacs-vm1.cs.univie.ac.at/apigate/stores/201/orders/113,18,0,0,null
1603711061913,8,UC5 show stock report,200,HTTP/1.1 200,UC5 1-1,true,,384,0,1,5,http://swa-kovacs-vm1.cs.univie.ac.at/apigate/stores/200/stock-item-reports,8,0,0,null
1603711061912,10,UC7 change price,200,HTTP/1.1 200,UC7 2-1,true,,127,0,1,5,http://swa-kovacs-vm1.cs.univie.ac.at/apigate/stores/200/stockitems/300,10,0,0,null
1603711061931,10,UC3 order products,201,HTTP/1.1 201,UC3 3-1,true,,242,0,1,5,http://swa-kovacs-vm1.cs.univie.ac.at/apigate/stores/201/orders,10,0,0,null
1603711062083,19,UC6 delivery reports,200,HTTP/1.1 200,UC6 5-1,true,,342,0,1,5,http://swa-kovacs-vm1.cs.univie.ac.at/apigate/enterprises/901/delivery-reports,18,0,0,null
1603711062086,17,UC4 receive order,200,HTTP/1.1 200,UC4 4-1,true,,127,0,1,5,http://swa-kovacs-vm1.cs.univie.ac.at/apigate/stores/201/orders/113,17,0,0,null
1603711062222,8,UC5 show stock report,200,HTTP/1.1 200,UC5 1-1,true,,384,0,1,5,http://swa-kovacs-vm1.cs.univie.ac.at/apigate/stores/200/stock-item-reports,8,0,0,null
1603711062222,9,UC7 change price,200,HTTP/1.1 200,UC7 2-1,true,,127,0,1,5,http://swa-kovacs-vm1.cs.univie.ac.at/apigate/stores/200/stockitems/300,9,0,0,null
1603711062242,9,UC3 order products,201,HTTP/1.1 201,UC3 3-1,true,,242,0,1,5,http://swa-kovacs-vm1.cs.univie.ac.at/apigate/stores/201/orders,9,0,0,null
1603711062403,19,UC6 delivery reports,200,HTTP/1.1 200,UC6 5-1,true,,342,0,1,5,http://swa-kovacs-vm1.cs.univie.ac.at/apigate/enterprises/901/delivery-reports,19,0,0,null
1603711062404,19,UC4 receive order,200,HTTP/1.1 200,UC4 4-1,true,,127,0,1,5,http://swa-kovacs-vm1.cs.univie.ac.at/apigate/stores/201/orders/113,19,0,0,null
1603711062532,7,UC7 change price,200,HTTP/1.1 200,UC7 2-1,true,,127,0,1,5,http://swa-kovacs-vm1.cs.univie.ac.at/apigate/stores/200/stockitems/300,7,0,0,null
1603711062531,9,UC5 show stock report,200,HTTP/1.1 200,UC5 1-1,true,,384,0,1,5,http://swa-kovacs-vm1.cs.univie.ac.at/apigate/stores/200/stock-item-reports,9,0,0,null
1603711062552,12,UC3 order products,201,HTTP/1.1 201,UC3 3-1,true,,242,0,1,5,http://swa-kovacs-vm1.cs.univie.ac.at/apigate/stores/201/orders,12,0,0,null
1603711062723,17,UC6 delivery reports,200,HTTP/1.1 200,UC6 5-1,true,,342,0,1,5,http://swa-kovacs-vm1.cs.univie.ac.at/apigate/enterprises/901/delivery-reports,16,0,0,null
1603711062724,17,UC4 receive order,200,HTTP/1.1 200,UC4 4-1,true,,127,0,1,5,http://swa-kovacs-vm1.cs.univie.ac.at/apigate/stores/201/orders/113,17,0,0,null
1603711062840,8,UC7 change price,200,HTTP/1.1 200,UC7 2-1,true,,127,0,1,5,http://swa-kovacs-vm1.cs.univie.ac.at/apigate/stores/200/stockitems/300,8,0,0,null
1603711062841,8,UC5 show stock report,200,HTTP/1.1 200,UC5 1-1,true,,384,0,1,5,http://swa-kovacs-vm1.cs.univie.ac.at/apigate/stores/200/stock-item-reports,8,0,0,null
1603711062865,11,UC3 order products,201,HTTP/1.1 201,UC3 3-1,true,,242,0,1,5,http://swa-kovacs-vm1.cs.univie.ac.at/apigate/stores/201/orders,11,0,0,null
1603711063041,13,UC6 delivery reports,200,HTTP/1.1 200,UC6 5-1,true,,342,0,1,5,http://swa-kovacs-vm1.cs.univie.ac.at/apigate/enterprises/901/delivery-reports,13,0,0,null
1603711063042,18,UC4 receive order,200,HTTP/1.1 200,UC4 4-1,true,,127,0,1,5,http://swa-kovacs-vm1.cs.univie.ac.at/apigate/stores/201/orders/113,18,0,0,null
1603711063149,8,UC7 change price,200,HTTP/1.1 200,UC7 2-1,true,,127,0,1,5,http://swa-kovacs-vm1.cs.univie.ac.at/apigate/stores/200/stockitems/300,8,0,0,null
1603711063150,14,UC5 show stock report,200,HTTP/1.1 200,UC5 1-1,true,,384,0,1,5,http://swa-kovacs-vm1.cs.univie.ac.at/apigate/stores/200/stock-item-reports,14,0,0,null
1603711063177,9,UC3 order products,201,HTTP/1.1 201,UC3 3-1,true,,242,0,1,5,http://swa-kovacs-vm1.cs.univie.ac.at/apigate/stores/201/orders,9,0,0,null
1603711063355,17,UC6 delivery reports,200,HTTP/1.1 200,UC6 5-1,true,,342,0,1,5,http://swa-kovacs-vm1.cs.univie.ac.at/apigate/enterprises/901/delivery-reports,17,0,0,null
1603711063361,19,UC4 receive order,200,HTTP/1.1 200,UC4 4-1,true,,127,0,1,5,http://swa-kovacs-vm1.cs.univie.ac.at/apigate/stores/201/orders/113,19,0,0,null
1603711063458,7,UC7 change price,200,HTTP/1.1 200,UC7 2-1,true,,127,0,1,5,http://swa-kovacs-vm1.cs.univie.ac.at/apigate/stores/200/stockitems/300,7,0,0,null
1603711063465,5,UC5 show stock report,200,HTTP/1.1 200,UC5 1-1,true,,384,0,1,5,http://swa-kovacs-vm1.cs.univie.ac.at/apigate/stores/200/stock-item-reports,5,0,0,null
1603711063487,10,UC3 order products,201,HTTP/1.1 201,UC3 3-1,true,,242,0,1,5,http://swa-kovacs-vm1.cs.univie.ac.at/apigate/stores/201/orders,10,0,0,null
1603711063673,19,UC6 delivery reports,200,HTTP/1.1 200,UC6 5-1,true,,342,0,1,5,http://swa-kovacs-vm1.cs.univie.ac.at/apigate/enterprises/901/delivery-reports,19,0,0,null
1603711063680,16,UC4 receive order,200,HTTP/1.1 200,UC4 4-1,true,,127,0,1,5,http://swa-kovacs-vm1.cs.univie.ac.at/apigate/stores/201/orders/113,16,0,0,null
1603711063766,8,UC7 change price,200,HTTP/1.1 200,UC7 2-1,true,,127,0,1,5,http://swa-kovacs-vm1.cs.univie.ac.at/apigate/stores/200/stockitems/300,8,0,0,null
1603711063771,6,UC5 show stock report,200,HTTP/1.1 200,UC5 1-1,true,,384,0,1,5,http://swa-kovacs-vm1.cs.univie.ac.at/apigate/stores/200/stock-item-reports,6,0,0,null
1603711063798,9,UC3 order products,201,HTTP/1.1 201,UC3 3-1,true,,242,0,1,5,http://swa-kovacs-vm1.cs.univie.ac.at/apigate/stores/201/orders,9,0,0,null
1603711063993,20,UC6 delivery reports,200,HTTP/1.1 200,UC6 5-1,true,,342,0,1,5,http://swa-kovacs-vm1.cs.univie.ac.at/apigate/enterprises/901/delivery-reports,20,0,0,null
1603711063997,22,UC4 receive order,200,HTTP/1.1 200,UC4 4-1,true,,127,0,1,5,http://swa-kovacs-vm1.cs.univie.ac.at/apigate/stores/201/orders/113,22,0,0,null
1603711064075,8,UC7 change price,200,HTTP/1.1 200,UC7 2-1,true,,127,0,1,5,http://swa-kovacs-vm1.cs.univie.ac.at/apigate/stores/200/stockitems/300,8,0,0,null
1603711064077,8,UC5 show stock report,200,HTTP/1.1 200,UC5 1-1,true,,384,0,1,5,http://swa-kovacs-vm1.cs.univie.ac.at/apigate/stores/200/stock-item-reports,8,0,0,null
1603711064108,8,UC3 order products,201,HTTP/1.1 201,UC3 3-1,true,,242,0,1,5,http://swa-kovacs-vm1.cs.univie.ac.at/apigate/stores/201/orders,8,0,0,null
1603711064314,21,UC6 delivery reports,200,HTTP/1.1 200,UC6 5-1,true,,342,0,1,5,http://swa-kovacs-vm1.cs.univie.ac.at/apigate/enterprises/901/delivery-reports,20,0,0,null
1603711064320,18,UC4 receive order,200,HTTP/1.1 200,UC4 4-1,true,,127,0,1,5,http://swa-kovacs-vm1.cs.univie.ac.at/apigate/stores/201/orders/113,18,0,0,null
1603711064386,5,UC5 show stock report,200,HTTP/1.1 200,UC5 1-1,true,,384,0,1,5,http://swa-kovacs-vm1.cs.univie.ac.at/apigate/stores/200/stock-item-reports,5,0,0,null
1603711064384,8,UC7 change price,200,HTTP/1.1 200,UC7 2-1,true,,127,0,1,5,http://swa-kovacs-vm1.cs.univie.ac.at/apigate/stores/200/stockitems/300,8,0,0,null
1603711064417,9,UC3 order products,201,HTTP/1.1 201,UC3 3-1,true,,242,0,1,5,http://swa-kovacs-vm1.cs.univie.ac.at/apigate/stores/201/orders,9,0,0,null
1603711064635,17,UC6 delivery reports,200,HTTP/1.1 200,UC6 5-1,true,,342,0,1,5,http://swa-kovacs-vm1.cs.univie.ac.at/apigate/enterprises/901/delivery-reports,17,0,0,null
1603711064639,17,UC4 receive order,200,HTTP/1.1 200,UC4 4-1,true,,127,0,1,5,http://swa-kovacs-vm1.cs.univie.ac.at/apigate/stores/201/orders/113,17,0,0,null
1603711064692,7,UC5 show stock report,200,HTTP/1.1 200,UC5 1-1,true,,384,0,1,5,http://swa-kovacs-vm1.cs.univie.ac.at/apigate/stores/200/stock-item-reports,7,0,0,null
1603711064693,7,UC7 change price,200,HTTP/1.1 200,UC7 2-1,true,,127,0,1,5,http://swa-kovacs-vm1.cs.univie.ac.at/apigate/stores/200/stockitems/300,7,0,0,null
1603711064729,8,UC3 order products,201,HTTP/1.1 201,UC3 3-1,true,,242,0,1,5,http://swa-kovacs-vm1.cs.univie.ac.at/apigate/stores/201/orders,8,0,0,null
1603711064953,20,UC6 delivery reports,200,HTTP/1.1 200,UC6 5-1,true,,342,0,1,5,http://swa-kovacs-vm1.cs.univie.ac.at/apigate/enterprises/901/delivery-reports,20,0,0,null
1603711064957,18,UC4 receive order,200,HTTP/1.1 200,UC4 4-1,true,,127,0,1,5,http://swa-kovacs-vm1.cs.univie.ac.at/apigate/stores/201/orders/113,18,0,0,null
1603711064999,9,UC5 show stock report,200,HTTP/1.1 200,UC5 1-1,true,,384,0,1,5,http://swa-kovacs-vm1.cs.univie.ac.at/apigate/stores/200/stock-item-reports,9,0,0,null
1603711065001,7,UC7 change price,200,HTTP/1.1 200,UC7 2-1,true,,127,0,1,5,http://swa-kovacs-vm1.cs.univie.ac.at/apigate/stores/200/stockitems/300,7,0,0,null
1603711065042,10,UC3 order products,201,HTTP/1.1 201,UC3 3-1,true,,242,0,1,5,http://swa-kovacs-vm1.cs.univie.ac.at/apigate/stores/201/orders,10,0,0,null
1603711065274,20,UC6 delivery reports,200,HTTP/1.1 200,UC6 5-1,true,,342,0,1,5,http://swa-kovacs-vm1.cs.univie.ac.at/apigate/enterprises/901/delivery-reports,20,0,0,null
1603711065275,19,UC4 receive order,200,HTTP/1.1 200,UC4 4-1,true,,127,0,1,5,http://swa-kovacs-vm1.cs.univie.ac.at/apigate/stores/201/orders/113,19,0,0,null
1603711065308,11,UC7 change price,200,HTTP/1.1 200,UC7 2-1,true,,127,0,1,5,http://swa-kovacs-vm1.cs.univie.ac.at/apigate/stores/200/stockitems/300,11,0,0,null
1603711065308,12,UC5 show stock report,200,HTTP/1.1 200,UC5 1-1,true,,384,0,1,5,http://swa-kovacs-vm1.cs.univie.ac.at/apigate/stores/200/stock-item-reports,12,0,0,null
1603711065353,9,UC3 order products,201,HTTP/1.1 201,UC3 3-1,true,,242,0,1,5,http://swa-kovacs-vm1.cs.univie.ac.at/apigate/stores/201/orders,9,0,0,null
1603711065595,17,UC4 receive order,200,HTTP/1.1 200,UC4 4-1,true,,127,0,1,5,http://swa-kovacs-vm1.cs.univie.ac.at/apigate/stores/201/orders/113,17,0,0,null
1603711065595,18,UC6 delivery reports,200,HTTP/1.1 200,UC6 5-1,true,,342,0,1,5,http://swa-kovacs-vm1.cs.univie.ac.at/apigate/enterprises/901/delivery-reports,18,0,0,null
1603711065620,5,UC7 change price,200,HTTP/1.1 200,UC7 2-1,true,,127,0,1,5,http://swa-kovacs-vm1.cs.univie.ac.at/apigate/stores/200/stockitems/300,5,0,0,null
1603711065620,6,UC5 show stock report,200,HTTP/1.1 200,UC5 1-1,true,,384,0,1,5,http://swa-kovacs-vm1.cs.univie.ac.at/apigate/stores/200/stock-item-reports,6,0,0,null
1603711065663,8,UC3 order products,201,HTTP/1.1 201,UC3 3-1,true,,242,0,1,5,http://swa-kovacs-vm1.cs.univie.ac.at/apigate/stores/201/orders,8,0,0,null
1603711065914,17,UC6 delivery reports,200,HTTP/1.1 200,UC6 5-1,true,,342,0,1,5,http://swa-kovacs-vm1.cs.univie.ac.at/apigate/enterprises/901/delivery-reports,17,0,0,null
1603711065927,5,UC5 show stock report,200,HTTP/1.1 200,UC5 1-1,true,,384,0,1,5,http://swa-kovacs-vm1.cs.univie.ac.at/apigate/stores/200/stock-item-reports,5,0,0,null
1603711065926,9,UC7 change price,200,HTTP/1.1 200,UC7 2-1,true,,127,0,1,5,http://swa-kovacs-vm1.cs.univie.ac.at/apigate/stores/200/stockitems/300,9,0,0,null
1603711065913,22,UC4 receive order,200,HTTP/1.1 200,UC4 4-1,true,,127,0,1,5,http://swa-kovacs-vm1.cs.univie.ac.at/apigate/stores/201/orders/113,22,0,0,null
1603711065972,8,UC3 order products,201,HTTP/1.1 201,UC3 3-1,true,,242,0,1,5,http://swa-kovacs-vm1.cs.univie.ac.at/apigate/stores/201/orders,8,0,0,null
1603711066233,8,UC5 show stock report,200,HTTP/1.1 200,UC5 1-1,true,,384,0,1,5,http://swa-kovacs-vm1.cs.univie.ac.at/apigate/stores/200/stock-item-reports,8,0,0,null
1603711066236,9,UC7 change price,200,HTTP/1.1 200,UC7 2-1,true,,127,0,1,5,http://swa-kovacs-vm1.cs.univie.ac.at/apigate/stores/200/stockitems/300,9,0,0,null
1603711066232,18,UC6 delivery reports,200,HTTP/1.1 200,UC6 5-1,true,,342,0,1,5,http://swa-kovacs-vm1.cs.univie.ac.at/apigate/enterprises/901/delivery-reports,18,0,0,null
1603711066236,15,UC4 receive order,200,HTTP/1.1 200,UC4 4-1,true,,127,0,1,5,http://swa-kovacs-vm1.cs.univie.ac.at/apigate/stores/201/orders/113,15,0,0,null
1603711066281,7,UC3 order products,201,HTTP/1.1 201,UC3 3-1,true,,242,0,1,5,http://swa-kovacs-vm1.cs.univie.ac.at/apigate/stores/201/orders,7,0,0,null
1603711066542,7,UC5 show stock report,200,HTTP/1.1 200,UC5 1-1,true,,384,0,1,5,http://swa-kovacs-vm1.cs.univie.ac.at/apigate/stores/200/stock-item-reports,6,0,0,null
1603711066546,7,UC7 change price,200,HTTP/1.1 200,UC7 2-1,true,,127,0,1,5,http://swa-kovacs-vm1.cs.univie.ac.at/apigate/stores/200/stockitems/300,7,0,0,null
1603711066550,17,UC6 delivery reports,200,HTTP/1.1 200,UC6 5-1,true,,342,0,1,5,http://swa-kovacs-vm1.cs.univie.ac.at/apigate/enterprises/901/delivery-reports,17,0,0,null
1603711066552,22,UC4 receive order,200,HTTP/1.1 200,UC4 4-1,true,,127,0,1,5,http://swa-kovacs-vm1.cs.univie.ac.at/apigate/stores/201/orders/113,22,0,0,null
1603711066589,10,UC3 order products,201,HTTP/1.1 201,UC3 3-1,true,,242,0,1,5,http://swa-kovacs-vm1.cs.univie.ac.at/apigate/stores/201/orders,10,0,0,null
1603711066849,8,UC5 show stock report,200,HTTP/1.1 200,UC5 1-1,true,,384,0,1,5,http://swa-kovacs-vm1.cs.univie.ac.at/apigate/stores/200/stock-item-reports,8,0,0,null
1603711066854,6,UC7 change price,200,HTTP/1.1 200,UC7 2-1,true,,127,0,1,5,http://swa-kovacs-vm1.cs.univie.ac.at/apigate/stores/200/stockitems/300,6,0,0,null
1603711066868,19,UC6 delivery reports,200,HTTP/1.1 200,UC6 5-1,true,,342,0,1,5,http://swa-kovacs-vm1.cs.univie.ac.at/apigate/enterprises/901/delivery-reports,19,0,0,null
1603711066876,20,UC4 receive order,200,HTTP/1.1 200,UC4 4-1,true,,127,0,1,5,http://swa-kovacs-vm1.cs.univie.ac.at/apigate/stores/201/orders/113,20,0,0,null
1603711066899,8,UC3 order products,201,HTTP/1.1 201,UC3 3-1,true,,242,0,1,5,http://swa-kovacs-vm1.cs.univie.ac.at/apigate/stores/201/orders,8,0,0,null
1603711067158,7,UC5 show stock report,200,HTTP/1.1 200,UC5 1-1,true,,384,0,1,5,http://swa-kovacs-vm1.cs.univie.ac.at/apigate/stores/200/stock-item-reports,7,0,0,null
1603711067161,5,UC7 change price,200,HTTP/1.1 200,UC7 2-1,true,,127,0,1,5,http://swa-kovacs-vm1.cs.univie.ac.at/apigate/stores/200/stockitems/300,5,0,0,null
1603711067188,17,UC6 delivery reports,200,HTTP/1.1 200,UC6 5-1,true,,342,0,1,5,http://swa-kovacs-vm1.cs.univie.ac.at/apigate/enterprises/901/delivery-reports,17,0,0,null
1603711067196,16,UC4 receive order,200,HTTP/1.1 200,UC4 4-1,true,,127,0,1,5,http://swa-kovacs-vm1.cs.univie.ac.at/apigate/stores/201/orders/113,16,0,0,null
1603711067208,8,UC3 order products,201,HTTP/1.1 201,UC3 3-1,true,,242,0,1,5,http://swa-kovacs-vm1.cs.univie.ac.at/apigate/stores/201/orders,8,0,0,null
1603711067466,8,UC5 show stock report,200,HTTP/1.1 200,UC5 1-1,true,,384,0,1,5,http://swa-kovacs-vm1.cs.univie.ac.at/apigate/stores/200/stock-item-reports,8,0,0,null
1603711067467,8,UC7 change price,200,HTTP/1.1 200,UC7 2-1,true,,127,0,1,5,http://swa-kovacs-vm1.cs.univie.ac.at/apigate/stores/200/stockitems/300,8,0,0,null
1603711067506,18,UC6 delivery reports,200,HTTP/1.1 200,UC6 5-1,true,,342,0,1,5,http://swa-kovacs-vm1.cs.univie.ac.at/apigate/enterprises/901/delivery-reports,18,0,0,null
1603711067517,10,UC3 order products,201,HTTP/1.1 201,UC3 3-1,true,,242,0,1,5,http://swa-kovacs-vm1.cs.univie.ac.at/apigate/stores/201/orders,10,0,0,null
1603711067513,15,UC4 receive order,200,HTTP/1.1 200,UC4 4-1,true,,127,0,1,5,http://swa-kovacs-vm1.cs.univie.ac.at/apigate/stores/201/orders/113,15,0,0,null
1603711067775,8,UC5 show stock report,200,HTTP/1.1 200,UC5 1-1,true,,384,0,1,5,http://swa-kovacs-vm1.cs.univie.ac.at/apigate/stores/200/stock-item-reports,8,0,0,null
1603711067775,9,UC7 change price,200,HTTP/1.1 200,UC7 2-1,true,,127,0,1,5,http://swa-kovacs-vm1.cs.univie.ac.at/apigate/stores/200/stockitems/300,9,0,0,null
1603711067827,12,UC3 order products,201,HTTP/1.1 201,UC3 3-1,true,,242,0,1,5,http://swa-kovacs-vm1.cs.univie.ac.at/apigate/stores/201/orders,12,0,0,null
1603711067825,23,UC6 delivery reports,200,HTTP/1.1 200,UC6 5-1,true,,342,0,1,5,http://swa-kovacs-vm1.cs.univie.ac.at/apigate/enterprises/901/delivery-reports,23,0,0,null
1603711067828,25,UC4 receive order,200,HTTP/1.1 200,UC4 4-1,true,,127,0,1,5,http://swa-kovacs-vm1.cs.univie.ac.at/apigate/stores/201/orders/113,25,0,0,null
1603711068084,8,UC5 show stock report,200,HTTP/1.1 200,UC5 1-1,true,,384,0,1,5,http://swa-kovacs-vm1.cs.univie.ac.at/apigate/stores/200/stock-item-reports,8,0,0,null
1603711068084,9,UC7 change price,200,HTTP/1.1 200,UC7 2-1,true,,127,0,1,5,http://swa-kovacs-vm1.cs.univie.ac.at/apigate/stores/200/stockitems/300,9,0,0,null
1603711068140,9,UC3 order products,201,HTTP/1.1 201,UC3 3-1,true,,242,0,1,5,http://swa-kovacs-vm1.cs.univie.ac.at/apigate/stores/201/orders,9,0,0,null
1603711068149,17,UC6 delivery reports,200,HTTP/1.1 200,UC6 5-1,true,,342,0,1,5,http://swa-kovacs-vm1.cs.univie.ac.at/apigate/enterprises/901/delivery-reports,17,0,0,null
1603711068153,21,UC4 receive order,200,HTTP/1.1 200,UC4 4-1,true,,127,0,1,5,http://swa-kovacs-vm1.cs.univie.ac.at/apigate/stores/201/orders/113,21,0,0,null
1603711068393,8,UC5 show stock report,200,HTTP/1.1 200,UC5 1-1,true,,384,0,1,5,http://swa-kovacs-vm1.cs.univie.ac.at/apigate/stores/200/stock-item-reports,8,0,0,null
1603711068393,9,UC7 change price,200,HTTP/1.1 200,UC7 2-1,true,,127,0,1,5,http://swa-kovacs-vm1.cs.univie.ac.at/apigate/stores/200/stockitems/300,9,0,0,null
1603711068450,9,UC3 order products,201,HTTP/1.1 201,UC3 3-1,true,,242,0,1,5,http://swa-kovacs-vm1.cs.univie.ac.at/apigate/stores/201/orders,9,0,0,null
1603711068467,20,UC6 delivery reports,200,HTTP/1.1 200,UC6 5-1,true,,342,0,1,5,http://swa-kovacs-vm1.cs.univie.ac.at/apigate/enterprises/901/delivery-reports,20,0,0,null
1603711068474,17,UC4 receive order,200,HTTP/1.1 200,UC4 4-1,true,,127,0,1,5,http://swa-kovacs-vm1.cs.univie.ac.at/apigate/stores/201/orders/113,17,0,0,null
1603711068701,7,UC5 show stock report,200,HTTP/1.1 200,UC5 1-1,true,,384,0,1,5,http://swa-kovacs-vm1.cs.univie.ac.at/apigate/stores/200/stock-item-reports,7,0,0,null
1603711068702,8,UC7 change price,200,HTTP/1.1 200,UC7 2-1,true,,127,0,1,5,http://swa-kovacs-vm1.cs.univie.ac.at/apigate/stores/200/stockitems/300,7,0,0,null
1603711068759,10,UC3 order products,201,HTTP/1.1 201,UC3 3-1,true,,242,0,1,5,http://swa-kovacs-vm1.cs.univie.ac.at/apigate/stores/201/orders,9,0,0,null
1603711068787,18,UC6 delivery reports,200,HTTP/1.1 200,UC6 5-1,true,,342,0,1,5,http://swa-kovacs-vm1.cs.univie.ac.at/apigate/enterprises/901/delivery-reports,18,0,0,null
1603711068796,16,UC4 receive order,200,HTTP/1.1 200,UC4 4-1,true,,127,0,1,5,http://swa-kovacs-vm1.cs.univie.ac.at/apigate/stores/201/orders/113,15,0,0,null
1603711069010,7,UC7 change price,200,HTTP/1.1 200,UC7 2-1,true,,127,0,1,5,http://swa-kovacs-vm1.cs.univie.ac.at/apigate/stores/200/stockitems/300,7,0,0,null
1603711069009,9,UC5 show stock report,200,HTTP/1.1 200,UC5 1-1,true,,384,0,1,5,http://swa-kovacs-vm1.cs.univie.ac.at/apigate/stores/200/stock-item-reports,9,0,0,null
1603711069069,11,UC3 order products,201,HTTP/1.1 201,UC3 3-1,true,,242,0,1,5,http://swa-kovacs-vm1.cs.univie.ac.at/apigate/stores/201/orders,10,0,0,null
1603711069106,21,UC6 delivery reports,200,HTTP/1.1 200,UC6 5-1,true,,342,0,1,5,http://swa-kovacs-vm1.cs.univie.ac.at/apigate/enterprises/901/delivery-reports,21,0,0,null
1603711069112,15,UC4 receive order,200,HTTP/1.1 200,UC4 4-1,true,,127,0,1,5,http://swa-kovacs-vm1.cs.univie.ac.at/apigate/stores/201/orders/113,15,0,0,null
1603711069319,7,UC5 show stock report,200,HTTP/1.1 200,UC5 1-1,true,,384,0,1,5,http://swa-kovacs-vm1.cs.univie.ac.at/apigate/stores/200/stock-item-reports,7,0,0,null
1603711069318,8,UC7 change price,200,HTTP/1.1 200,UC7 2-1,true,,127,0,1,5,http://swa-kovacs-vm1.cs.univie.ac.at/apigate/stores/200/stockitems/300,8,0,0,null
1603711069380,10,UC3 order products,201,HTTP/1.1 201,UC3 3-1,true,,242,0,1,5,http://swa-kovacs-vm1.cs.univie.ac.at/apigate/stores/201/orders,10,0,0,null
1603711069427,15,UC4 receive order,200,HTTP/1.1 200,UC4 4-1,true,,127,0,1,5,http://swa-kovacs-vm1.cs.univie.ac.at/apigate/stores/201/orders/113,15,0,0,null
1603711069427,17,UC6 delivery reports,200,HTTP/1.1 200,UC6 5-1,true,,342,0,1,5,http://swa-kovacs-vm1.cs.univie.ac.at/apigate/enterprises/901/delivery-reports,16,0,0,null
1603711069627,7,UC5 show stock report,200,HTTP/1.1 200,UC5 1-1,true,,384,0,1,5,http://swa-kovacs-vm1.cs.univie.ac.at/apigate/stores/200/stock-item-reports,7,0,0,null
1603711069627,8,UC7 change price,200,HTTP/1.1 200,UC7 2-1,true,,127,0,1,5,http://swa-kovacs-vm1.cs.univie.ac.at/apigate/stores/200/stockitems/300,8,0,0,null
1603711069691,8,UC3 order products,201,HTTP/1.1 201,UC3 3-1,true,,242,0,1,5,http://swa-kovacs-vm1.cs.univie.ac.at/apigate/stores/201/orders,8,0,0,null
1603711069743,15,UC4 receive order,200,HTTP/1.1 200,UC4 4-1,true,,127,0,1,5,http://swa-kovacs-vm1.cs.univie.ac.at/apigate/stores/201/orders/113,15,0,0,null
1603711069744,16,UC6 delivery reports,200,HTTP/1.1 200,UC6 5-1,true,,337,0,1,5,http://swa-kovacs-vm1.cs.univie.ac.at/apigate/enterprises/901/delivery-reports,15,0,0,null
1603711069935,8,UC5 show stock report,200,HTTP/1.1 200,UC5 1-1,true,,384,0,1,5,http://swa-kovacs-vm1.cs.univie.ac.at/apigate/stores/200/stock-item-reports,7,0,0,null
1603711069936,7,UC7 change price,200,HTTP/1.1 200,UC7 2-1,true,,127,0,1,5,http://swa-kovacs-vm1.cs.univie.ac.at/apigate/stores/200/stockitems/300,7,0,0,null
1603711070000,11,UC3 order products,201,HTTP/1.1 201,UC3 3-1,true,,242,0,1,5,http://swa-kovacs-vm1.cs.univie.ac.at/apigate/stores/201/orders,11,0,0,null
1603711070059,15,UC4 receive order,200,HTTP/1.1 200,UC4 4-1,true,,127,0,1,5,http://swa-kovacs-vm1.cs.univie.ac.at/apigate/stores/201/orders/113,15,0,0,null
1603711070060,18,UC6 delivery reports,200,HTTP/1.1 200,UC6 5-1,true,,342,0,1,5,http://swa-kovacs-vm1.cs.univie.ac.at/apigate/enterprises/901/delivery-reports,18,0,0,null
1603711070244,8,UC5 show stock report,200,HTTP/1.1 200,UC5 1-1,true,,384,0,1,5,http://swa-kovacs-vm1.cs.univie.ac.at/apigate/stores/200/stock-item-reports,8,0,0,null
1603711070244,9,UC7 change price,200,HTTP/1.1 200,UC7 2-1,true,,127,0,1,5,http://swa-kovacs-vm1.cs.univie.ac.at/apigate/stores/200/stockitems/300,9,0,0,null
1603711070312,11,UC3 order products,201,HTTP/1.1 201,UC3 3-1,true,,242,0,1,5,http://swa-kovacs-vm1.cs.univie.ac.at/apigate/stores/201/orders,11,0,0,null
1603711070375,17,UC4 receive order,200,HTTP/1.1 200,UC4 4-1,true,,127,0,1,5,http://swa-kovacs-vm1.cs.univie.ac.at/apigate/stores/201/orders/113,17,0,0,null
1603711070379,18,UC6 delivery reports,200,HTTP/1.1 200,UC6 5-1,true,,342,0,1,5,http://swa-kovacs-vm1.cs.univie.ac.at/apigate/enterprises/901/delivery-reports,18,0,0,null
1603711070553,8,UC5 show stock report,200,HTTP/1.1 200,UC5 1-1,true,,384,0,1,5,http://swa-kovacs-vm1.cs.univie.ac.at/apigate/stores/200/stock-item-reports,8,0,0,null
1603711070554,8,UC7 change price,200,HTTP/1.1 200,UC7 2-1,true,,127,0,1,5,http://swa-kovacs-vm1.cs.univie.ac.at/apigate/stores/200/stockitems/300,8,0,0,null
1603711070624,38,UC3 order products,201,HTTP/1.1 201,UC3 3-1,true,,242,0,1,5,http://swa-kovacs-vm1.cs.univie.ac.at/apigate/stores/201/orders,38,0,0,null
1603711070693,14,UC4 receive order,200,HTTP/1.1 200,UC4 4-1,true,,127,0,1,5,http://swa-kovacs-vm1.cs.univie.ac.at/apigate/stores/201/orders/113,14,0,0,null
1603711070697,16,UC6 delivery reports,200,HTTP/1.1 200,UC6 5-1,true,,342,0,1,5,http://swa-kovacs-vm1.cs.univie.ac.at/apigate/enterprises/901/delivery-reports,16,0,0,null
1603711070862,8,UC7 change price,200,HTTP/1.1 200,UC7 2-1,true,,127,0,1,5,http://swa-kovacs-vm1.cs.univie.ac.at/apigate/stores/200/stockitems/300,8,0,0,null
1603711070861,10,UC5 show stock report,200,HTTP/1.1 200,UC5 1-1,true,,384,0,1,5,http://swa-kovacs-vm1.cs.univie.ac.at/apigate/stores/200/stock-item-reports,10,0,0,null
1603711070963,9,UC3 order products,201,HTTP/1.1 201,UC3 3-1,true,,242,0,1,5,http://swa-kovacs-vm1.cs.univie.ac.at/apigate/stores/201/orders,9,0,0,null
1603711071008,17,UC4 receive order,200,HTTP/1.1 200,UC4 4-1,true,,127,0,1,5,http://swa-kovacs-vm1.cs.univie.ac.at/apigate/stores/201/orders/113,17,0,0,null
1603711071014,20,UC6 delivery reports,200,HTTP/1.1 200,UC6 5-1,true,,342,0,1,5,http://swa-kovacs-vm1.cs.univie.ac.at/apigate/enterprises/901/delivery-reports,20,0,0,null
1603711071172,7,UC5 show stock report,200,HTTP/1.1 200,UC5 1-1,true,,384,0,1,5,http://swa-kovacs-vm1.cs.univie.ac.at/apigate/stores/200/stock-item-reports,7,0,0,null
1603711071171,10,UC7 change price,200,HTTP/1.1 200,UC7 2-1,true,,122,0,1,5,http://swa-kovacs-vm1.cs.univie.ac.at/apigate/stores/200/stockitems/300,10,0,0,null
1603711071273,9,UC3 order products,201,HTTP/1.1 201,UC3 3-1,true,,242,0,1,5,http://swa-kovacs-vm1.cs.univie.ac.at/apigate/stores/201/orders,9,0,0,null
1603711071325,16,UC4 receive order,200,HTTP/1.1 200,UC4 4-1,true,,127,0,1,5,http://swa-kovacs-vm1.cs.univie.ac.at/apigate/stores/201/orders/113,16,0,0,null
1603711071335,14,UC6 delivery reports,200,HTTP/1.1 200,UC6 5-1,true,,342,0,1,5,http://swa-kovacs-vm1.cs.univie.ac.at/apigate/enterprises/901/delivery-reports,14,0,0,null
1603711071480,9,UC5 show stock report,200,HTTP/1.1 200,UC5 1-1,true,,384,0,1,5,http://swa-kovacs-vm1.cs.univie.ac.at/apigate/stores/200/stock-item-reports,9,0,0,null
1603711071481,8,UC7 change price,200,HTTP/1.1 200,UC7 2-1,true,,127,0,1,5,http://swa-kovacs-vm1.cs.univie.ac.at/apigate/stores/200/stockitems/300,8,0,0,null
1603711071583,12,UC3 order products,201,HTTP/1.1 201,UC3 3-1,true,,242,0,1,5,http://swa-kovacs-vm1.cs.univie.ac.at/apigate/stores/201/orders,11,0,0,null
1603711071642,14,UC4 receive order,200,HTTP/1.1 200,UC4 4-1,true,,127,0,1,5,http://swa-kovacs-vm1.cs.univie.ac.at/apigate/stores/201/orders/113,14,0,0,null
1603711071650,14,UC6 delivery reports,200,HTTP/1.1 200,UC6 5-1,true,,342,0,1,5,http://swa-kovacs-vm1.cs.univie.ac.at/apigate/enterprises/901/delivery-reports,14,0,0,null
1603711071789,10,UC5 show stock report,200,HTTP/1.1 200,UC5 1-1,true,,384,0,1,5,http://swa-kovacs-vm1.cs.univie.ac.at/apigate/stores/200/stock-item-reports,9,0,0,null
1603711071790,10,UC7 change price,200,HTTP/1.1 200,UC7 2-1,true,,127,0,1,5,http://swa-kovacs-vm1.cs.univie.ac.at/apigate/stores/200/stockitems/300,10,0,0,null
1603711071895,10,UC3 order products,201,HTTP/1.1 201,UC3 3-1,true,,242,0,1,5,http://swa-kovacs-vm1.cs.univie.ac.at/apigate/stores/201/orders,10,0,0,null
1603711071957,15,UC4 receive order,200,HTTP/1.1 200,UC4 4-1,true,,127,0,1,5,http://swa-kovacs-vm1.cs.univie.ac.at/apigate/stores/201/orders/113,15,0,0,null
1603711071965,14,UC6 delivery reports,200,HTTP/1.1 200,UC6 5-1,true,,342,0,1,5,http://swa-kovacs-vm1.cs.univie.ac.at/apigate/enterprises/901/delivery-reports,14,0,0,null
1603711072101,7,UC7 change price,200,HTTP/1.1 200,UC7 2-1,true,,127,0,1,5,http://swa-kovacs-vm1.cs.univie.ac.at/apigate/stores/200/stockitems/300,7,0,0,null
1603711072099,10,UC5 show stock report,200,HTTP/1.1 200,UC5 1-1,true,,384,0,1,5,http://swa-kovacs-vm1.cs.univie.ac.at/apigate/stores/200/stock-item-reports,10,0,0,null
1603711072206,10,UC3 order products,201,HTTP/1.1 201,UC3 3-1,true,,242,0,1,5,http://swa-kovacs-vm1.cs.univie.ac.at/apigate/stores/201/orders,9,0,0,null
1603711072272,20,UC4 receive order,200,HTTP/1.1 200,UC4 4-1,true,,127,0,1,5,http://swa-kovacs-vm1.cs.univie.ac.at/apigate/stores/201/orders/113,20,0,0,null
1603711072279,16,UC6 delivery reports,200,HTTP/1.1 200,UC6 5-1,true,,342,0,1,5,http://swa-kovacs-vm1.cs.univie.ac.at/apigate/enterprises/901/delivery-reports,16,0,0,null
1603711072409,8,UC7 change price,200,HTTP/1.1 200,UC7 2-1,true,,127,0,1,5,http://swa-kovacs-vm1.cs.univie.ac.at/apigate/stores/200/stockitems/300,8,0,0,null
1603711072410,7,UC5 show stock report,200,HTTP/1.1 200,UC5 1-1,true,,384,0,1,5,http://swa-kovacs-vm1.cs.univie.ac.at/apigate/stores/200/stock-item-reports,7,0,0,null
1603711072516,11,UC3 order products,201,HTTP/1.1 201,UC3 3-1,true,,242,0,1,5,http://swa-kovacs-vm1.cs.univie.ac.at/apigate/stores/201/orders,10,0,0,null
1603711072595,19,UC6 delivery reports,200,HTTP/1.1 200,UC6 5-1,true,,342,0,1,5,http://swa-kovacs-vm1.cs.univie.ac.at/apigate/enterprises/901/delivery-reports,19,0,0,null
1603711072593,22,UC4 receive order,200,HTTP/1.1 200,UC4 4-1,true,,127,0,1,5,http://swa-kovacs-vm1.cs.univie.ac.at/apigate/stores/201/orders/113,22,0,0,null
1603711072718,6,UC7 change price,200,HTTP/1.1 200,UC7 2-1,true,,127,0,1,5,http://swa-kovacs-vm1.cs.univie.ac.at/apigate/stores/200/stockitems/300,6,0,0,null
1603711072718,8,UC5 show stock report,200,HTTP/1.1 200,UC5 1-1,true,,384,0,1,5,http://swa-kovacs-vm1.cs.univie.ac.at/apigate/stores/200/stock-item-reports,7,0,0,null
1603711072828,11,UC3 order products,201,HTTP/1.1 201,UC3 3-1,true,,242,0,1,5,http://swa-kovacs-vm1.cs.univie.ac.at/apigate/stores/201/orders,11,0,0,null
1603711072914,17,UC6 delivery reports,200,HTTP/1.1 200,UC6 5-1,true,,342,0,1,5,http://swa-kovacs-vm1.cs.univie.ac.at/apigate/enterprises/901/delivery-reports,17,0,0,null
1603711072915,17,UC4 receive order,200,HTTP/1.1 200,UC4 4-1,true,,127,0,1,5,http://swa-kovacs-vm1.cs.univie.ac.at/apigate/stores/201/orders/113,17,0,0,null
1603711073025,7,UC7 change price,200,HTTP/1.1 200,UC7 2-1,true,,127,0,1,5,http://swa-kovacs-vm1.cs.univie.ac.at/apigate/stores/200/stockitems/300,7,0,0,null
1603711073026,7,UC5 show stock report,200,HTTP/1.1 200,UC5 1-1,true,,384,0,1,5,http://swa-kovacs-vm1.cs.univie.ac.at/apigate/stores/200/stock-item-reports,6,0,0,null
1603711073140,11,UC3 order products,201,HTTP/1.1 201,UC3 3-1,true,,242,0,1,5,http://swa-kovacs-vm1.cs.univie.ac.at/apigate/stores/201/orders,11,0,0,null
1603711073232,18,UC6 delivery reports,200,HTTP/1.1 200,UC6 5-1,true,,342,0,1,5,http://swa-kovacs-vm1.cs.univie.ac.at/apigate/enterprises/901/delivery-reports,17,0,0,null
1603711073232,19,UC4 receive order,200,HTTP/1.1 200,UC4 4-1,true,,127,0,1,5,http://swa-kovacs-vm1.cs.univie.ac.at/apigate/stores/201/orders/113,19,0,0,null
1603711073333,9,UC7 change price,200,HTTP/1.1 200,UC7 2-1,true,,127,0,1,5,http://swa-kovacs-vm1.cs.univie.ac.at/apigate/stores/200/stockitems/300,9,0,0,null
1603711073333,16,UC5 show stock report,200,HTTP/1.1 200,UC5 1-1,true,,384,0,1,5,http://swa-kovacs-vm1.cs.univie.ac.at/apigate/stores/200/stock-item-reports,16,0,0,null
1603711073452,11,UC3 order products,201,HTTP/1.1 201,UC3 3-1,true,,242,0,1,5,http://swa-kovacs-vm1.cs.univie.ac.at/apigate/stores/201/orders,11,0,0,null
1603711073551,16,UC4 receive order,200,HTTP/1.1 200,UC4 4-1,true,,127,0,1,5,http://swa-kovacs-vm1.cs.univie.ac.at/apigate/stores/201/orders/113,16,0,0,null
1603711073551,17,UC6 delivery reports,200,HTTP/1.1 200,UC6 5-1,true,,342,0,1,5,http://swa-kovacs-vm1.cs.univie.ac.at/apigate/enterprises/901/delivery-reports,17,0,0,null
1603711073643,7,UC7 change price,200,HTTP/1.1 200,UC7 2-1,true,,127,0,1,5,http://swa-kovacs-vm1.cs.univie.ac.at/apigate/stores/200/stockitems/300,7,0,0,null
1603711073649,5,UC5 show stock report,200,HTTP/1.1 200,UC5 1-1,true,,384,0,1,5,http://swa-kovacs-vm1.cs.univie.ac.at/apigate/stores/200/stock-item-reports,5,0,0,null
1603711073763,13,UC3 order products,201,HTTP/1.1 201,UC3 3-1,true,,242,0,1,5,http://swa-kovacs-vm1.cs.univie.ac.at/apigate/stores/201/orders,13,0,0,null
1603711073867,18,UC4 receive order,200,HTTP/1.1 200,UC4 4-1,true,,127,0,1,5,http://swa-kovacs-vm1.cs.univie.ac.at/apigate/stores/201/orders/113,18,0,0,null
1603711073869,15,UC6 delivery reports,200,HTTP/1.1 200,UC6 5-1,true,,342,0,1,5,http://swa-kovacs-vm1.cs.univie.ac.at/apigate/enterprises/901/delivery-reports,15,0,0,null
1603711073955,5,UC5 show stock report,200,HTTP/1.1 200,UC5 1-1,true,,384,0,1,5,http://swa-kovacs-vm1.cs.univie.ac.at/apigate/stores/200/stock-item-reports,5,0,0,null
1603711073951,10,UC7 change price,200,HTTP/1.1 200,UC7 2-1,true,,127,0,1,5,http://swa-kovacs-vm1.cs.univie.ac.at/apigate/stores/200/stockitems/300,10,0,0,null
1603711074077,11,UC3 order products,201,HTTP/1.1 201,UC3 3-1,true,,242,0,1,5,http://swa-kovacs-vm1.cs.univie.ac.at/apigate/stores/201/orders,11,0,0,null
1603711074186,16,UC6 delivery reports,200,HTTP/1.1 200,UC6 5-1,true,,342,0,1,5,http://swa-kovacs-vm1.cs.univie.ac.at/apigate/enterprises/901/delivery-reports,15,0,0,null
1603711074186,17,UC4 receive order,200,HTTP/1.1 200,UC4 4-1,true,,127,0,1,5,http://swa-kovacs-vm1.cs.univie.ac.at/apigate/stores/201/orders/113,17,0,0,null
1603711074260,7,UC5 show stock report,200,HTTP/1.1 200,UC5 1-1,true,,384,0,1,5,http://swa-kovacs-vm1.cs.univie.ac.at/apigate/stores/200/stock-item-reports,7,0,0,null
1603711074262,6,UC7 change price,200,HTTP/1.1 200,UC7 2-1,true,,127,0,1,5,http://swa-kovacs-vm1.cs.univie.ac.at/apigate/stores/200/stockitems/300,6,0,0,null
1603711074389,9,UC3 order products,201,HTTP/1.1 201,UC3 3-1,true,,242,0,1,5,http://swa-kovacs-vm1.cs.univie.ac.at/apigate/stores/201/orders,9,0,0,null
1603711074503,17,UC6 delivery reports,200,HTTP/1.1 200,UC6 5-1,true,,342,0,1,5,http://swa-kovacs-vm1.cs.univie.ac.at/apigate/enterprises/901/delivery-reports,17,0,0,null
1603711074504,20,UC4 receive order,200,HTTP/1.1 200,UC4 4-1,true,,127,0,1,5,http://swa-kovacs-vm1.cs.univie.ac.at/apigate/stores/201/orders/113,20,0,0,null
1603711074568,8,UC5 show stock report,200,HTTP/1.1 200,UC5 1-1,true,,384,0,1,5,http://swa-kovacs-vm1.cs.univie.ac.at/apigate/stores/200/stock-item-reports,8,0,0,null
1603711074569,8,UC7 change price,200,HTTP/1.1 200,UC7 2-1,true,,127,0,1,5,http://swa-kovacs-vm1.cs.univie.ac.at/apigate/stores/200/stockitems/300,8,0,0,null
1603711074699,9,UC3 order products,201,HTTP/1.1 201,UC3 3-1,true,,242,0,1,5,http://swa-kovacs-vm1.cs.univie.ac.at/apigate/stores/201/orders,9,0,0,null
1603711074825,18,UC4 receive order,200,HTTP/1.1 200,UC4 4-1,true,,127,0,1,5,http://swa-kovacs-vm1.cs.univie.ac.at/apigate/stores/201/orders/113,18,0,0,null
1603711074821,25,UC6 delivery reports,200,HTTP/1.1 200,UC6 5-1,true,,342,0,1,5,http://swa-kovacs-vm1.cs.univie.ac.at/apigate/enterprises/901/delivery-reports,25,0,0,null
1603711074876,8,UC5 show stock report,200,HTTP/1.1 200,UC5 1-1,true,,384,0,1,5,http://swa-kovacs-vm1.cs.univie.ac.at/apigate/stores/200/stock-item-reports,8,0,0,null
1603711074878,8,UC7 change price,200,HTTP/1.1 200,UC7 2-1,true,,127,0,1,5,http://swa-kovacs-vm1.cs.univie.ac.at/apigate/stores/200/stockitems/300,8,0,0,null
1603711075013,18,UC3 order products,201,HTTP/1.1 201,UC3 3-1,true,,242,0,1,5,http://swa-kovacs-vm1.cs.univie.ac.at/apigate/stores/201/orders,18,0,0,null
1603711075143,18,UC4 receive order,200,HTTP/1.1 200,UC4 4-1,true,,127,0,1,5,http://swa-kovacs-vm1.cs.univie.ac.at/apigate/stores/201/orders/113,18,0,0,null
1603711075150,15,UC6 delivery reports,200,HTTP/1.1 200,UC6 5-1,true,,342,0,1,5,http://swa-kovacs-vm1.cs.univie.ac.at/apigate/enterprises/901/delivery-reports,15,0,0,null
1603711075183,6,UC5 show stock report,200,HTTP/1.1 200,UC5 1-1,true,,384,0,1,5,http://swa-kovacs-vm1.cs.univie.ac.at/apigate/stores/200/stock-item-reports,6,0,0,null
1603711075186,5,UC7 change price,200,HTTP/1.1 200,UC7 2-1,true,,127,0,1,5,http://swa-kovacs-vm1.cs.univie.ac.at/apigate/stores/200/stockitems/300,5,0,0,null
1603711075331,11,UC3 order products,201,HTTP/1.1 201,UC3 3-1,true,,242,0,1,5,http://swa-kovacs-vm1.cs.univie.ac.at/apigate/stores/201/orders,11,0,0,null
1603711075462,17,UC4 receive order,200,HTTP/1.1 200,UC4 4-1,true,,127,0,1,5,http://swa-kovacs-vm1.cs.univie.ac.at/apigate/stores/201/orders/113,17,0,0,null
1603711075466,16,UC6 delivery reports,200,HTTP/1.1 200,UC6 5-1,true,,342,0,1,5,http://swa-kovacs-vm1.cs.univie.ac.at/apigate/enterprises/901/delivery-reports,16,0,0,null
1603711075489,6,UC5 show stock report,200,HTTP/1.1 200,UC5 1-1,true,,384,0,1,5,http://swa-kovacs-vm1.cs.univie.ac.at/apigate/stores/200/stock-item-reports,6,0,0,null
1603711075491,6,UC7 change price,200,HTTP/1.1 200,UC7 2-1,true,,127,0,1,5,http://swa-kovacs-vm1.cs.univie.ac.at/apigate/stores/200/stockitems/300,6,0,0,null
1603711075642,11,UC3 order products,201,HTTP/1.1 201,UC3 3-1,true,,242,0,1,5,http://swa-kovacs-vm1.cs.univie.ac.at/apigate/stores/201/orders,11,0,0,null
1603711075780,15,UC4 receive order,200,HTTP/1.1 200,UC4 4-1,true,,127,0,1,5,http://swa-kovacs-vm1.cs.univie.ac.at/apigate/stores/201/orders/113,15,0,0,null
1603711075783,16,UC6 delivery reports,200,HTTP/1.1 200,UC6 5-1,true,,342,0,1,5,http://swa-kovacs-vm1.cs.univie.ac.at/apigate/enterprises/901/delivery-reports,16,0,0,null
1603711075795,5,UC5 show stock report,200,HTTP/1.1 200,UC5 1-1,true,,384,0,1,5,http://swa-kovacs-vm1.cs.univie.ac.at/apigate/stores/200/stock-item-reports,5,0,0,null
1603711075797,7,UC7 change price,200,HTTP/1.1 200,UC7 2-1,true,,127,0,1,5,http://swa-kovacs-vm1.cs.univie.ac.at/apigate/stores/200/stockitems/300,7,0,0,null
1603711075953,11,UC3 order products,201,HTTP/1.1 201,UC3 3-1,true,,242,0,1,5,http://swa-kovacs-vm1.cs.univie.ac.at/apigate/stores/201/orders,10,0,0,null
1603711076101,9,UC5 show stock report,200,HTTP/1.1 200,UC5 1-1,true,,384,0,1,5,http://swa-kovacs-vm1.cs.univie.ac.at/apigate/stores/200/stock-item-reports,9,0,0,null
1603711076104,11,UC7 change price,200,HTTP/1.1 200,UC7 2-1,true,,127,0,1,5,http://swa-kovacs-vm1.cs.univie.ac.at/apigate/stores/200/stockitems/300,11,0,0,null
1603711076095,20,UC4 receive order,200,HTTP/1.1 200,UC4 4-1,true,,127,0,1,5,http://swa-kovacs-vm1.cs.univie.ac.at/apigate/stores/201/orders/113,20,0,0,null
1603711076100,23,UC6 delivery reports,200,HTTP/1.1 200,UC6 5-1,true,,342,0,1,5,http://swa-kovacs-vm1.cs.univie.ac.at/apigate/enterprises/901/delivery-reports,23,0,0,null
1603711076264,10,UC3 order products,201,HTTP/1.1 201,UC3 3-1,true,,242,0,1,5,http://swa-kovacs-vm1.cs.univie.ac.at/apigate/stores/201/orders,10,0,0,null
1603711076411,6,UC5 show stock report,200,HTTP/1.1 200,UC5 1-1,true,,384,0,1,5,http://swa-kovacs-vm1.cs.univie.ac.at/apigate/stores/200/stock-item-reports,6,0,0,null
1603711076415,6,UC7 change price,200,HTTP/1.1 200,UC7 2-1,true,,127,0,1,5,http://swa-kovacs-vm1.cs.univie.ac.at/apigate/stores/200/stockitems/300,6,0,0,null
1603711076416,14,UC4 receive order,200,HTTP/1.1 200,UC4 4-1,true,,127,0,1,5,http://swa-kovacs-vm1.cs.univie.ac.at/apigate/stores/201/orders/113,14,0,0,null
1603711076424,16,UC6 delivery reports,200,HTTP/1.1 200,UC6 5-1,true,,342,0,1,5,http://swa-kovacs-vm1.cs.univie.ac.at/apigate/enterprises/901/delivery-reports,16,0,0,null
1603711076580,8,UC3 order products,201,HTTP/1.1 201,UC3 3-1,true,,242,0,1,5,http://swa-kovacs-vm1.cs.univie.ac.at/apigate/stores/201/orders,8,0,0,null
1603711076718,7,UC5 show stock report,200,HTTP/1.1 200,UC5 1-1,true,,384,0,1,5,http://swa-kovacs-vm1.cs.univie.ac.at/apigate/stores/200/stock-item-reports,7,0,0,null
1603711076722,5,UC7 change price,200,HTTP/1.1 200,UC7 2-1,true,,127,0,1,5,http://swa-kovacs-vm1.cs.univie.ac.at/apigate/stores/200/stockitems/300,5,0,0,null
1603711076731,16,UC4 receive order,200,HTTP/1.1 200,UC4 4-1,true,,127,0,1,5,http://swa-kovacs-vm1.cs.univie.ac.at/apigate/stores/201/orders/113,16,0,0,null
1603711076740,15,UC6 delivery reports,200,HTTP/1.1 200,UC6 5-1,true,,342,0,1,5,http://swa-kovacs-vm1.cs.univie.ac.at/apigate/enterprises/901/delivery-reports,15,0,0,null
1603711076889,9,UC3 order products,201,HTTP/1.1 201,UC3 3-1,true,,242,0,1,5,http://swa-kovacs-vm1.cs.univie.ac.at/apigate/stores/201/orders,9,0,0,null
1603711077026,8,UC5 show stock report,200,HTTP/1.1 200,UC5 1-1,true,,384,0,1,5,http://swa-kovacs-vm1.cs.univie.ac.at/apigate/stores/200/stock-item-reports,8,0,0,null
1603711077028,7,UC7 change price,200,HTTP/1.1 200,UC7 2-1,true,,127,0,1,5,http://swa-kovacs-vm1.cs.univie.ac.at/apigate/stores/200/stockitems/300,7,0,0,null
1603711077048,15,UC4 receive order,200,HTTP/1.1 200,UC4 4-1,true,,127,0,1,5,http://swa-kovacs-vm1.cs.univie.ac.at/apigate/stores/201/orders/113,15,0,0,null
1603711077056,15,UC6 delivery reports,200,HTTP/1.1 200,UC6 5-1,true,,342,0,1,5,http://swa-kovacs-vm1.cs.univie.ac.at/apigate/enterprises/901/delivery-reports,15,0,0,null
1603711077199,11,UC3 order products,201,HTTP/1.1 201,UC3 3-1,true,,242,0,1,5,http://swa-kovacs-vm1.cs.univie.ac.at/apigate/stores/201/orders,11,0,0,null
1603711077335,8,UC5 show stock report,200,HTTP/1.1 200,UC5 1-1,true,,384,0,1,5,http://swa-kovacs-vm1.cs.univie.ac.at/apigate/stores/200/stock-item-reports,8,0,0,null
1603711077335,9,UC7 change price,200,HTTP/1.1 200,UC7 2-1,true,,127,0,1,5,http://swa-kovacs-vm1.cs.univie.ac.at/apigate/stores/200/stockitems/300,9,0,0,null
1603711077364,17,UC4 receive order,200,HTTP/1.1 200,UC4 4-1,true,,127,0,1,5,http://swa-kovacs-vm1.cs.univie.ac.at/apigate/stores/201/orders/113,17,0,0,null
1603711077372,18,UC6 delivery reports,200,HTTP/1.1 200,UC6 5-1,true,,342,0,1,5,http://swa-kovacs-vm1.cs.univie.ac.at/apigate/enterprises/901/delivery-reports,18,0,0,null
1603711077511,11,UC3 order products,201,HTTP/1.1 201,UC3 3-1,true,,242,0,1,5,http://swa-kovacs-vm1.cs.univie.ac.at/apigate/stores/201/orders,11,0,0,null
1603711077644,9,UC7 change price,200,HTTP/1.1 200,UC7 2-1,true,,127,0,1,5,http://swa-kovacs-vm1.cs.univie.ac.at/apigate/stores/200/stockitems/300,9,0,0,null
1603711077644,9,UC5 show stock report,200,HTTP/1.1 200,UC5 1-1,true,,384,0,1,5,http://swa-kovacs-vm1.cs.univie.ac.at/apigate/stores/200/stock-item-reports,9,0,0,null
1603711077682,17,UC4 receive order,200,HTTP/1.1 200,UC4 4-1,true,,127,0,1,5,http://swa-kovacs-vm1.cs.univie.ac.at/apigate/stores/201/orders/113,17,0,0,null
1603711077691,21,UC6 delivery reports,200,HTTP/1.1 200,UC6 5-1,true,,342,0,1,5,http://swa-kovacs-vm1.cs.univie.ac.at/apigate/enterprises/901/delivery-reports,21,0,0,null
1603711077823,9,UC3 order products,201,HTTP/1.1 201,UC3 3-1,true,,242,0,1,5,http://swa-kovacs-vm1.cs.univie.ac.at/apigate/stores/201/orders,9,0,0,null
1603711077953,10,UC7 change price,200,HTTP/1.1 200,UC7 2-1,true,,127,0,1,5,http://swa-kovacs-vm1.cs.univie.ac.at/apigate/stores/200/stockitems/300,10,0,0,null
1603711077954,10,UC5 show stock report,200,HTTP/1.1 200,UC5 1-1,true,,384,0,1,5,http://swa-kovacs-vm1.cs.univie.ac.at/apigate/stores/200/stock-item-reports,10,0,0,null
1603711077999,17,UC4 receive order,200,HTTP/1.1 200,UC4 4-1,true,,127,0,1,5,http://swa-kovacs-vm1.cs.univie.ac.at/apigate/stores/201/orders/113,17,0,0,null
1603711078013,41,UC6 delivery reports,200,HTTP/1.1 200,UC6 5-1,true,,342,0,1,5,http://swa-kovacs-vm1.cs.univie.ac.at/apigate/enterprises/901/delivery-reports,41,0,0,null
1603711078133,10,UC3 order products,201,HTTP/1.1 201,UC3 3-1,true,,242,0,1,5,http://swa-kovacs-vm1.cs.univie.ac.at/apigate/stores/201/orders,10,0,0,null
1603711078264,8,UC7 change price,200,HTTP/1.1 200,UC7 2-1,true,,127,0,1,5,http://swa-kovacs-vm1.cs.univie.ac.at/apigate/stores/200/stockitems/300,8,0,0,null
1603711078265,8,UC5 show stock report,200,HTTP/1.1 200,UC5 1-1,true,,384,0,1,5,http://swa-kovacs-vm1.cs.univie.ac.at/apigate/stores/200/stock-item-reports,8,0,0,null
1603711078316,23,UC4 receive order,200,HTTP/1.1 200,UC4 4-1,true,,127,0,1,5,http://swa-kovacs-vm1.cs.univie.ac.at/apigate/stores/201/orders/113,23,0,0,null
1603711078354,20,UC6 delivery reports,200,HTTP/1.1 200,UC6 5-1,true,,342,0,1,5,http://swa-kovacs-vm1.cs.univie.ac.at/apigate/enterprises/901/delivery-reports,20,0,0,null
1603711078444,19,UC3 order products,201,HTTP/1.1 201,UC3 3-1,true,,242,0,1,5,http://swa-kovacs-vm1.cs.univie.ac.at/apigate/stores/201/orders,11,0,0,null
1603711078573,8,UC7 change price,200,HTTP/1.1 200,UC7 2-1,true,,127,0,1,5,http://swa-kovacs-vm1.cs.univie.ac.at/apigate/stores/200/stockitems/300,7,0,0,null
1603711078574,7,UC5 show stock report,200,HTTP/1.1 200,UC5 1-1,true,,384,0,1,5,http://swa-kovacs-vm1.cs.univie.ac.at/apigate/stores/200/stock-item-reports,6,0,0,null
1603711078639,18,UC4 receive order,200,HTTP/1.1 200,UC4 4-1,true,,127,0,1,5,http://swa-kovacs-vm1.cs.univie.ac.at/apigate/stores/201/orders/113,18,0,0,null
1603711078674,17,UC6 delivery reports,200,HTTP/1.1 200,UC6 5-1,true,,342,0,1,5,http://swa-kovacs-vm1.cs.univie.ac.at/apigate/enterprises/901/delivery-reports,17,0,0,null
1603711078763,10,UC3 order products,201,HTTP/1.1 201,UC3 3-1,true,,242,0,1,5,http://swa-kovacs-vm1.cs.univie.ac.at/apigate/stores/201/orders,10,0,0,null
1603711078881,9,UC7 change price,200,HTTP/1.1 200,UC7 2-1,true,,127,0,1,5,http://swa-kovacs-vm1.cs.univie.ac.at/apigate/stores/200/stockitems/300,9,0,0,null
1603711078882,9,UC5 show stock report,200,HTTP/1.1 200,UC5 1-1,true,,384,0,1,5,http://swa-kovacs-vm1.cs.univie.ac.at/apigate/stores/200/stock-item-reports,9,0,0,null
1603711078958,16,UC4 receive order,200,HTTP/1.1 200,UC4 4-1,true,,127,0,1,5,http://swa-kovacs-vm1.cs.univie.ac.at/apigate/stores/201/orders/113,16,0,0,null
1603711078992,19,UC6 delivery reports,200,HTTP/1.1 200,UC6 5-1,true,,342,0,1,5,http://swa-kovacs-vm1.cs.univie.ac.at/apigate/enterprises/901/delivery-reports,19,0,0,null
1603711079074,11,UC3 order products,201,HTTP/1.1 201,UC3 3-1,true,,242,0,1,5,http://swa-kovacs-vm1.cs.univie.ac.at/apigate/stores/201/orders,11,0,0,null
1603711079191,7,UC5 show stock report,200,HTTP/1.1 200,UC5 1-1,true,,384,0,1,5,http://swa-kovacs-vm1.cs.univie.ac.at/apigate/stores/200/stock-item-reports,7,0,0,null
1603711079191,9,UC7 change price,200,HTTP/1.1 200,UC7 2-1,true,,127,0,1,5,http://swa-kovacs-vm1.cs.univie.ac.at/apigate/stores/200/stockitems/300,9,0,0,null
1603711079275,16,UC4 receive order,200,HTTP/1.1 200,UC4 4-1,true,,127,0,1,5,http://swa-kovacs-vm1.cs.univie.ac.at/apigate/stores/201/orders/113,16,0,0,null
1603711079311,18,UC6 delivery reports,200,HTTP/1.1 200,UC6 5-1,true,,342,0,1,5,http://swa-kovacs-vm1.cs.univie.ac.at/apigate/enterprises/901/delivery-reports,18,0,0,null
1603711079386,10,UC3 order products,201,HTTP/1.1 201,UC3 3-1,true,,242,0,1,5,http://swa-kovacs-vm1.cs.univie.ac.at/apigate/stores/201/orders,10,0,0,null
1603711079499,7,UC5 show stock report,200,HTTP/1.1 200,UC5 1-1,true,,384,0,1,5,http://swa-kovacs-vm1.cs.univie.ac.at/apigate/stores/200/stock-item-reports,7,0,0,null
1603711079500,7,UC7 change price,200,HTTP/1.1 200,UC7 2-1,true,,127,0,1,5,http://swa-kovacs-vm1.cs.univie.ac.at/apigate/stores/200/stockitems/300,7,0,0,null
1603711079592,20,UC4 receive order,200,HTTP/1.1 200,UC4 4-1,true,,127,0,1,5,http://swa-kovacs-vm1.cs.univie.ac.at/apigate/stores/201/orders/113,20,0,0,null
1603711079630,18,UC6 delivery reports,200,HTTP/1.1 200,UC6 5-1,true,,342,0,1,5,http://swa-kovacs-vm1.cs.univie.ac.at/apigate/enterprises/901/delivery-reports,18,0,0,null
1603711079697,10,UC3 order products,201,HTTP/1.1 201,UC3 3-1,true,,242,0,1,5,http://swa-kovacs-vm1.cs.univie.ac.at/apigate/stores/201/orders,10,0,0,null
1603711079807,7,UC7 change price,200,HTTP/1.1 200,UC7 2-1,true,,127,0,1,5,http://swa-kovacs-vm1.cs.univie.ac.at/apigate/stores/200/stockitems/300,7,0,0,null
1603711079807,8,UC5 show stock report,200,HTTP/1.1 200,UC5 1-1,true,,384,0,1,5,http://swa-kovacs-vm1.cs.univie.ac.at/apigate/stores/200/stock-item-reports,8,0,0,null
1603711079913,19,UC4 receive order,200,HTTP/1.1 200,UC4 4-1,true,,127,0,1,5,http://swa-kovacs-vm1.cs.univie.ac.at/apigate/stores/201/orders/113,19,0,0,null
1603711079949,17,UC6 delivery reports,200,HTTP/1.1 200,UC6 5-1,true,,342,0,1,5,http://swa-kovacs-vm1.cs.univie.ac.at/apigate/enterprises/901/delivery-reports,17,0,0,null
1603711080008,10,UC3 order products,201,HTTP/1.1 201,UC3 3-1,true,,242,0,1,5,http://swa-kovacs-vm1.cs.univie.ac.at/apigate/stores/201/orders,10,0,0,null
1603711080117,6,UC5 show stock report,200,HTTP/1.1 200,UC5 1-1,true,,384,0,1,5,http://swa-kovacs-vm1.cs.univie.ac.at/apigate/stores/200/stock-item-reports,6,0,0,null
1603711080116,8,UC7 change price,200,HTTP/1.1 200,UC7 2-1,true,,127,0,1,5,http://swa-kovacs-vm1.cs.univie.ac.at/apigate/stores/200/stockitems/300,8,0,0,null
1603711080233,19,UC4 receive order,200,HTTP/1.1 200,UC4 4-1,true,,127,0,1,5,http://swa-kovacs-vm1.cs.univie.ac.at/apigate/stores/201/orders/113,19,0,0,null
1603711080268,19,UC6 delivery reports,200,HTTP/1.1 200,UC6 5-1,true,,342,0,1,5,http://swa-kovacs-vm1.cs.univie.ac.at/apigate/enterprises/901/delivery-reports,19,0,0,null
1603711080324,10,UC3 order products,201,HTTP/1.1 201,UC3 3-1,true,,242,0,1,5,http://swa-kovacs-vm1.cs.univie.ac.at/apigate/stores/201/orders,10,0,0,null
1603711080424,8,UC5 show stock report,200,HTTP/1.1 200,UC5 1-1,true,,384,0,1,5,http://swa-kovacs-vm1.cs.univie.ac.at/apigate/stores/200/stock-item-reports,7,0,0,null
1603711080424,9,UC7 change price,200,HTTP/1.1 200,UC7 2-1,true,,127,0,1,5,http://swa-kovacs-vm1.cs.univie.ac.at/apigate/stores/200/stockitems/300,9,0,0,null
1603711080553,18,UC4 receive order,200,HTTP/1.1 200,UC4 4-1,true,,127,0,1,5,http://swa-kovacs-vm1.cs.univie.ac.at/apigate/stores/201/orders/113,18,0,0,null
1603711080587,22,UC6 delivery reports,200,HTTP/1.1 200,UC6 5-1,true,,342,0,1,5,http://swa-kovacs-vm1.cs.univie.ac.at/apigate/enterprises/901/delivery-reports,22,0,0,null
1603711080634,10,UC3 order products,201,HTTP/1.1 201,UC3 3-1,true,,242,0,1,5,http://swa-kovacs-vm1.cs.univie.ac.at/apigate/stores/201/orders,10,0,0,null
1603711080733,8,UC7 change price,200,HTTP/1.1 200,UC7 2-1,true,,127,0,1,5,http://swa-kovacs-vm1.cs.univie.ac.at/apigate/stores/200/stockitems/300,8,0,0,null
1603711080732,8,UC5 show stock report,200,HTTP/1.1 200,UC5 1-1,true,,384,0,1,5,http://swa-kovacs-vm1.cs.univie.ac.at/apigate/stores/200/stock-item-reports,8,0,0,null
1603711080872,18,UC4 receive order,200,HTTP/1.1 200,UC4 4-1,true,,127,0,1,5,http://swa-kovacs-vm1.cs.univie.ac.at/apigate/stores/201/orders/113,18,0,0,null
1603711080910,18,UC6 delivery reports,200,HTTP/1.1 200,UC6 5-1,true,,342,0,1,5,http://swa-kovacs-vm1.cs.univie.ac.at/apigate/enterprises/901/delivery-reports,18,0,0,null
1603711080945,9,UC3 order products,201,HTTP/1.1 201,UC3 3-1,true,,242,0,1,5,http://swa-kovacs-vm1.cs.univie.ac.at/apigate/stores/201/orders,9,0,0,null
1603711081042,8,UC7 change price,200,HTTP/1.1 200,UC7 2-1,true,,127,0,1,5,http://swa-kovacs-vm1.cs.univie.ac.at/apigate/stores/200/stockitems/300,8,0,0,null
1603711081042,8,UC5 show stock report,200,HTTP/1.1 200,UC5 1-1,true,,384,0,1,5,http://swa-kovacs-vm1.cs.univie.ac.at/apigate/stores/200/stock-item-reports,8,0,0,null
1603711081191,18,UC4 receive order,200,HTTP/1.1 200,UC4 4-1,true,,127,0,1,5,http://swa-kovacs-vm1.cs.univie.ac.at/apigate/stores/201/orders/113,18,0,0,null
1603711081228,20,UC6 delivery reports,200,HTTP/1.1 200,UC6 5-1,true,,342,0,1,5,http://swa-kovacs-vm1.cs.univie.ac.at/apigate/enterprises/901/delivery-reports,20,0,0,null
1603711081255,7,UC3 order products,201,HTTP/1.1 201,UC3 3-1,true,,242,0,1,5,http://swa-kovacs-vm1.cs.univie.ac.at/apigate/stores/201/orders,7,0,0,null
1603711081350,9,UC7 change price,200,HTTP/1.1 200,UC7 2-1,true,,127,0,1,5,http://swa-kovacs-vm1.cs.univie.ac.at/apigate/stores/200/stockitems/300,9,0,0,null
1603711081351,10,UC5 show stock report,200,HTTP/1.1 200,UC5 1-1,true,,384,0,1,5,http://swa-kovacs-vm1.cs.univie.ac.at/apigate/stores/200/stock-item-reports,10,0,0,null
1603711081509,21,UC4 receive order,200,HTTP/1.1 200,UC4 4-1,true,,127,0,1,5,http://swa-kovacs-vm1.cs.univie.ac.at/apigate/stores/201/orders/113,21,0,0,null
1603711081548,19,UC6 delivery reports,200,HTTP/1.1 200,UC6 5-1,true,,342,0,1,5,http://swa-kovacs-vm1.cs.univie.ac.at/apigate/enterprises/901/delivery-reports,18,0,0,null
1603711081563,9,UC3 order products,201,HTTP/1.1 201,UC3 3-1,true,,242,0,1,5,http://swa-kovacs-vm1.cs.univie.ac.at/apigate/stores/201/orders,9,0,0,null
1603711081660,8,UC7 change price,200,HTTP/1.1 200,UC7 2-1,true,,127,0,1,5,http://swa-kovacs-vm1.cs.univie.ac.at/apigate/stores/200/stockitems/300,8,0,0,null
1603711081661,8,UC5 show stock report,200,HTTP/1.1 200,UC5 1-1,true,,384,0,1,5,http://swa-kovacs-vm1.cs.univie.ac.at/apigate/stores/200/stock-item-reports,7,0,0,null
1603711081830,16,UC4 receive order,200,HTTP/1.1 200,UC4 4-1,true,,127,0,1,5,http://swa-kovacs-vm1.cs.univie.ac.at/apigate/stores/201/orders/113,16,0,0,null
1603711081873,14,UC3 order products,201,HTTP/1.1 201,UC3 3-1,true,,242,0,1,5,http://swa-kovacs-vm1.cs.univie.ac.at/apigate/stores/201/orders,13,0,0,null
1603711081867,21,UC6 delivery reports,200,HTTP/1.1 200,UC6 5-1,true,,342,0,1,5,http://swa-kovacs-vm1.cs.univie.ac.at/apigate/enterprises/901/delivery-reports,21,0,0,null
1603711081969,9,UC7 change price,200,HTTP/1.1 200,UC7 2-1,true,,127,0,1,5,http://swa-kovacs-vm1.cs.univie.ac.at/apigate/stores/200/stockitems/300,9,0,0,null
1603711081970,9,UC5 show stock report,200,HTTP/1.1 200,UC5 1-1,true,,384,0,1,5,http://swa-kovacs-vm1.cs.univie.ac.at/apigate/stores/200/stock-item-reports,9,0,0,null
1603711082147,17,UC4 receive order,200,HTTP/1.1 200,UC4 4-1,true,,127,0,1,5,http://swa-kovacs-vm1.cs.univie.ac.at/apigate/stores/201/orders/113,17,0,0,null
1603711082187,12,UC3 order products,201,HTTP/1.1 201,UC3 3-1,true,,242,0,1,5,http://swa-kovacs-vm1.cs.univie.ac.at/apigate/stores/201/orders,12,0,0,null
1603711082189,16,UC6 delivery reports,200,HTTP/1.1 200,UC6 5-1,true,,342,0,1,5,http://swa-kovacs-vm1.cs.univie.ac.at/apigate/enterprises/901/delivery-reports,16,0,0,null
1603711082279,7,UC5 show stock report,200,HTTP/1.1 200,UC5 1-1,true,,384,0,1,5,http://swa-kovacs-vm1.cs.univie.ac.at/apigate/stores/200/stock-item-reports,7,0,0,null
1603711082279,8,UC7 change price,200,HTTP/1.1 200,UC7 2-1,true,,127,0,1,5,http://swa-kovacs-vm1.cs.univie.ac.at/apigate/stores/200/stockitems/300,8,0,0,null
1603711082465,17,UC4 receive order,200,HTTP/1.1 200,UC4 4-1,true,,127,0,1,5,http://swa-kovacs-vm1.cs.univie.ac.at/apigate/stores/201/orders/113,17,0,0,null
1603711082500,9,UC3 order products,201,HTTP/1.1 201,UC3 3-1,true,,242,0,1,5,http://swa-kovacs-vm1.cs.univie.ac.at/apigate/stores/201/orders,9,0,0,null
1603711082506,16,UC6 delivery reports,200,HTTP/1.1 200,UC6 5-1,true,,342,0,1,5,http://swa-kovacs-vm1.cs.univie.ac.at/apigate/enterprises/901/delivery-reports,16,0,0,null
1603711082587,8,UC5 show stock report,200,HTTP/1.1 200,UC5 1-1,true,,384,0,1,5,http://swa-kovacs-vm1.cs.univie.ac.at/apigate/stores/200/stock-item-reports,8,0,0,null
1603711082587,9,UC7 change price,200,HTTP/1.1 200,UC7 2-1,true,,127,0,1,5,http://swa-kovacs-vm1.cs.univie.ac.at/apigate/stores/200/stockitems/300,9,0,0,null
1603711082783,18,UC4 receive order,200,HTTP/1.1 200,UC4 4-1,true,,127,0,1,5,http://swa-kovacs-vm1.cs.univie.ac.at/apigate/stores/201/orders/113,18,0,0,null
1603711082809,12,UC3 order products,201,HTTP/1.1 201,UC3 3-1,true,,242,0,1,5,http://swa-kovacs-vm1.cs.univie.ac.at/apigate/stores/201/orders,12,0,0,null
1603711082822,16,UC6 delivery reports,200,HTTP/1.1 200,UC6 5-1,true,,342,0,1,5,http://swa-kovacs-vm1.cs.univie.ac.at/apigate/enterprises/901/delivery-reports,16,0,0,null
1603711082896,7,UC5 show stock report,200,HTTP/1.1 200,UC5 1-1,true,,384,0,1,5,http://swa-kovacs-vm1.cs.univie.ac.at/apigate/stores/200/stock-item-reports,6,0,0,null
1603711082899,6,UC7 change price,200,HTTP/1.1 200,UC7 2-1,true,,127,0,1,5,http://swa-kovacs-vm1.cs.univie.ac.at/apigate/stores/200/stockitems/300,6,0,0,null
1603711083102,18,UC4 receive order,200,HTTP/1.1 200,UC4 4-1,true,,127,0,1,5,http://swa-kovacs-vm1.cs.univie.ac.at/apigate/stores/201/orders/113,18,0,0,null
1603711083122,8,UC3 order products,201,HTTP/1.1 201,UC3 3-1,true,,242,0,1,5,http://swa-kovacs-vm1.cs.univie.ac.at/apigate/stores/201/orders,8,0,0,null
1603711083139,14,UC6 delivery reports,200,HTTP/1.1 200,UC6 5-1,true,,342,0,1,5,http://swa-kovacs-vm1.cs.univie.ac.at/apigate/enterprises/901/delivery-reports,14,0,0,null
1603711083203,8,UC5 show stock report,200,HTTP/1.1 200,UC5 1-1,true,,384,0,1,5,http://swa-kovacs-vm1.cs.univie.ac.at/apigate/stores/200/stock-item-reports,8,0,0,null
1603711083205,7,UC7 change price,200,HTTP/1.1 200,UC7 2-1,true,,127,0,1,5,http://swa-kovacs-vm1.cs.univie.ac.at/apigate/stores/200/stockitems/300,7,0,0,null
1603711083431,7,UC3 order products,201,HTTP/1.1 201,UC3 3-1,true,,242,0,1,5,http://swa-kovacs-vm1.cs.univie.ac.at/apigate/stores/201/orders,7,0,0,null
1603711083421,18,UC4 receive order,200,HTTP/1.1 200,UC4 4-1,true,,127,0,1,5,http://swa-kovacs-vm1.cs.univie.ac.at/apigate/stores/201/orders/113,18,0,0,null
1603711083454,16,UC6 delivery reports,200,HTTP/1.1 200,UC6 5-1,true,,342,0,1,5,http://swa-kovacs-vm1.cs.univie.ac.at/apigate/enterprises/901/delivery-reports,16,0,0,null
1603711083513,7,UC7 change price,200,HTTP/1.1 200,UC7 2-1,true,,127,0,1,5,http://swa-kovacs-vm1.cs.univie.ac.at/apigate/stores/200/stockitems/300,7,0,0,null
1603711083512,8,UC5 show stock report,200,HTTP/1.1 200,UC5 1-1,true,,384,0,1,5,http://swa-kovacs-vm1.cs.univie.ac.at/apigate/stores/200/stock-item-reports,8,0,0,null
1603711083739,11,UC3 order products,201,HTTP/1.1 201,UC3 3-1,true,,242,0,1,5,http://swa-kovacs-vm1.cs.univie.ac.at/apigate/stores/201/orders,11,0,0,null
1603711083740,19,UC4 receive order,200,HTTP/1.1 200,UC4 4-1,true,,127,0,1,5,http://swa-kovacs-vm1.cs.univie.ac.at/apigate/stores/201/orders/113,19,0,0,null
1603711083770,15,UC6 delivery reports,200,HTTP/1.1 200,UC6 5-1,true,,342,0,1,5,http://swa-kovacs-vm1.cs.univie.ac.at/apigate/enterprises/901/delivery-reports,15,0,0,null
1603711083821,7,UC5 show stock report,200,HTTP/1.1 200,UC5 1-1,true,,384,0,1,5,http://swa-kovacs-vm1.cs.univie.ac.at/apigate/stores/200/stock-item-reports,7,0,0,null
1603711083820,9,UC7 change price,200,HTTP/1.1 200,UC7 2-1,true,,127,0,1,5,http://swa-kovacs-vm1.cs.univie.ac.at/apigate/stores/200/stockitems/300,9,0,0,null
1603711084051,8,UC3 order products,201,HTTP/1.1 201,UC3 3-1,true,,242,0,1,5,http://swa-kovacs-vm1.cs.univie.ac.at/apigate/stores/201/orders,8,0,0,null
1603711084060,15,UC4 receive order,200,HTTP/1.1 200,UC4 4-1,true,,127,0,1,5,http://swa-kovacs-vm1.cs.univie.ac.at/apigate/stores/201/orders/113,15,0,0,null
1603711084086,12,UC6 delivery reports,200,HTTP/1.1 200,UC6 5-1,true,,342,0,1,5,http://swa-kovacs-vm1.cs.univie.ac.at/apigate/enterprises/901/delivery-reports,12,0,0,null
1603711084128,7,UC5 show stock report,200,HTTP/1.1 200,UC5 1-1,true,,384,0,1,5,http://swa-kovacs-vm1.cs.univie.ac.at/apigate/stores/200/stock-item-reports,7,0,0,null
1603711084129,7,UC7 change price,200,HTTP/1.1 200,UC7 2-1,true,,127,0,1,5,http://swa-kovacs-vm1.cs.univie.ac.at/apigate/stores/200/stockitems/300,7,0,0,null
1603711084360,16,UC3 order products,201,HTTP/1.1 201,UC3 3-1,true,,242,0,1,5,http://swa-kovacs-vm1.cs.univie.ac.at/apigate/stores/201/orders,9,0,0,null
1603711084376,17,UC4 receive order,200,HTTP/1.1 200,UC4 4-1,true,,127,0,1,5,http://swa-kovacs-vm1.cs.univie.ac.at/apigate/stores/201/orders/113,17,0,0,null
1603711084399,17,UC6 delivery reports,200,HTTP/1.1 200,UC6 5-1,true,,342,0,1,5,http://swa-kovacs-vm1.cs.univie.ac.at/apigate/enterprises/901/delivery-reports,17,0,0,null
1603711084437,5,UC7 change price,200,HTTP/1.1 200,UC7 2-1,true,,127,0,1,5,http://swa-kovacs-vm1.cs.univie.ac.at/apigate/stores/200/stockitems/300,5,0,0,null
1603711084435,8,UC5 show stock report,200,HTTP/1.1 200,UC5 1-1,true,,384,0,1,5,http://swa-kovacs-vm1.cs.univie.ac.at/apigate/stores/200/stock-item-reports,8,0,0,null
1603711084676,12,UC3 order products,201,HTTP/1.1 201,UC3 3-1,true,,242,0,1,5,http://swa-kovacs-vm1.cs.univie.ac.at/apigate/stores/201/orders,12,0,0,null
1603711084693,14,UC4 receive order,200,HTTP/1.1 200,UC4 4-1,true,,127,0,1,5,http://swa-kovacs-vm1.cs.univie.ac.at/apigate/stores/201/orders/113,14,0,0,null
1603711084718,18,UC6 delivery reports,200,HTTP/1.1 200,UC6 5-1,true,,342,0,1,5,http://swa-kovacs-vm1.cs.univie.ac.at/apigate/enterprises/901/delivery-reports,18,0,0,null
1603711084743,6,UC5 show stock report,200,HTTP/1.1 200,UC5 1-1,true,,384,0,1,5,http://swa-kovacs-vm1.cs.univie.ac.at/apigate/stores/200/stock-item-reports,6,0,0,null
1603711084743,7,UC7 change price,200,HTTP/1.1 200,UC7 2-1,true,,127,0,1,5,http://swa-kovacs-vm1.cs.univie.ac.at/apigate/stores/200/stockitems/300,7,0,0,null
1603711084988,10,UC3 order products,201,HTTP/1.1 201,UC3 3-1,true,,242,0,1,5,http://swa-kovacs-vm1.cs.univie.ac.at/apigate/stores/201/orders,10,0,0,null
1603711085008,14,UC4 receive order,200,HTTP/1.1 200,UC4 4-1,true,,127,0,1,5,http://swa-kovacs-vm1.cs.univie.ac.at/apigate/stores/201/orders/113,14,0,0,null
1603711085036,16,UC6 delivery reports,200,HTTP/1.1 200,UC6 5-1,true,,342,0,1,5,http://swa-kovacs-vm1.cs.univie.ac.at/apigate/enterprises/901/delivery-reports,16,0,0,null
1603711085050,9,UC5 show stock report,200,HTTP/1.1 200,UC5 1-1,true,,384,0,1,5,http://swa-kovacs-vm1.cs.univie.ac.at/apigate/stores/200/stock-item-reports,8,0,0,null
1603711085051,8,UC7 change price,200,HTTP/1.1 200,UC7 2-1,true,,127,0,1,5,http://swa-kovacs-vm1.cs.univie.ac.at/apigate/stores/200/stockitems/300,8,0,0,null
1603711085299,9,UC3 order products,201,HTTP/1.1 201,UC3 3-1,true,,242,0,1,5,http://swa-kovacs-vm1.cs.univie.ac.at/apigate/stores/201/orders,9,0,0,null
1603711085322,15,UC4 receive order,200,HTTP/1.1 200,UC4 4-1,true,,127,0,1,5,http://swa-kovacs-vm1.cs.univie.ac.at/apigate/stores/201/orders/113,15,0,0,null
1603711085353,12,UC6 delivery reports,200,HTTP/1.1 200,UC6 5-1,true,,342,0,1,5,http://swa-kovacs-vm1.cs.univie.ac.at/apigate/enterprises/901/delivery-reports,12,0,0,null
1603711085359,7,UC5 show stock report,200,HTTP/1.1 200,UC5 1-1,true,,384,0,1,5,http://swa-kovacs-vm1.cs.univie.ac.at/apigate/stores/200/stock-item-reports,6,0,0,null
1603711085360,7,UC7 change price,200,HTTP/1.1 200,UC7 2-1,true,,127,0,1,5,http://swa-kovacs-vm1.cs.univie.ac.at/apigate/stores/200/stockitems/300,7,0,0,null
1603711085609,8,UC3 order products,201,HTTP/1.1 201,UC3 3-1,true,,242,0,1,5,http://swa-kovacs-vm1.cs.univie.ac.at/apigate/stores/201/orders,8,0,0,null
1603711085637,16,UC4 receive order,200,HTTP/1.1 200,UC4 4-1,true,,127,0,1,5,http://swa-kovacs-vm1.cs.univie.ac.at/apigate/stores/201/orders/113,16,0,0,null
1603711085666,5,UC5 show stock report,200,HTTP/1.1 200,UC5 1-1,true,,384,0,1,5,http://swa-kovacs-vm1.cs.univie.ac.at/apigate/stores/200/stock-item-reports,5,0,0,null
1603711085667,6,UC7 change price,200,HTTP/1.1 200,UC7 2-1,true,,127,0,1,5,http://swa-kovacs-vm1.cs.univie.ac.at/apigate/stores/200/stockitems/300,6,0,0,null
1603711085666,17,UC6 delivery reports,200,HTTP/1.1 200,UC6 5-1,true,,342,0,1,5,http://swa-kovacs-vm1.cs.univie.ac.at/apigate/enterprises/901/delivery-reports,17,0,0,null
1603711085918,11,UC3 order products,201,HTTP/1.1 201,UC3 3-1,true,,242,0,1,5,http://swa-kovacs-vm1.cs.univie.ac.at/apigate/stores/201/orders,10,0,0,null
1603711085953,14,UC4 receive order,200,HTTP/1.1 200,UC4 4-1,true,,127,0,1,5,http://swa-kovacs-vm1.cs.univie.ac.at/apigate/stores/201/orders/113,14,0,0,null
1603711085973,6,UC7 change price,200,HTTP/1.1 200,UC7 2-1,true,,127,0,1,5,http://swa-kovacs-vm1.cs.univie.ac.at/apigate/stores/200/stockitems/300,6,0,0,null
1603711085972,8,UC5 show stock report,200,HTTP/1.1 200,UC5 1-1,true,,384,0,1,5,http://swa-kovacs-vm1.cs.univie.ac.at/apigate/stores/200/stock-item-reports,8,0,0,null
1603711085984,13,UC6 delivery reports,200,HTTP/1.1 200,UC6 5-1,true,,342,0,1,5,http://swa-kovacs-vm1.cs.univie.ac.at/apigate/enterprises/901/delivery-reports,13,0,0,null
1603711086230,11,UC3 order products,201,HTTP/1.1 201,UC3 3-1,true,,242,0,1,5,http://swa-kovacs-vm1.cs.univie.ac.at/apigate/stores/201/orders,11,0,0,null
1603711086268,20,UC4 receive order,200,HTTP/1.1 200,UC4 4-1,true,,127,0,1,5,http://swa-kovacs-vm1.cs.univie.ac.at/apigate/stores/201/orders/113,20,0,0,null
1603711086281,8,UC5 show stock report,200,HTTP/1.1 200,UC5 1-1,true,,384,0,1,5,http://swa-kovacs-vm1.cs.univie.ac.at/apigate/stores/200/stock-item-reports,7,0,0,null
1603711086279,14,UC7 change price,200,HTTP/1.1 200,UC7 2-1,true,,127,0,1,5,http://swa-kovacs-vm1.cs.univie.ac.at/apigate/stores/200/stockitems/300,14,0,0,null
1603711086298,12,UC6 delivery reports,200,HTTP/1.1 200,UC6 5-1,true,,342,0,1,5,http://swa-kovacs-vm1.cs.univie.ac.at/apigate/enterprises/901/delivery-reports,12,0,0,null
1603711086542,10,UC3 order products,201,HTTP/1.1 201,UC3 3-1,true,,242,0,1,5,http://swa-kovacs-vm1.cs.univie.ac.at/apigate/stores/201/orders,10,0,0,null
1603711086589,7,UC5 show stock report,200,HTTP/1.1 200,UC5 1-1,true,,384,0,1,5,http://swa-kovacs-vm1.cs.univie.ac.at/apigate/stores/200/stock-item-reports,7,0,0,null
1603711086594,6,UC7 change price,200,HTTP/1.1 200,UC7 2-1,true,,127,0,1,5,http://swa-kovacs-vm1.cs.univie.ac.at/apigate/stores/200/stockitems/300,6,0,0,null
1603711086588,17,UC4 receive order,200,HTTP/1.1 200,UC4 4-1,true,,127,0,1,5,http://swa-kovacs-vm1.cs.univie.ac.at/apigate/stores/201/orders/113,17,0,0,null
1603711086611,16,UC6 delivery reports,200,HTTP/1.1 200,UC6 5-1,true,,342,0,1,5,http://swa-kovacs-vm1.cs.univie.ac.at/apigate/enterprises/901/delivery-reports,16,0,0,null
1603711086853,10,UC3 order products,201,HTTP/1.1 201,UC3 3-1,true,,242,0,1,5,http://swa-kovacs-vm1.cs.univie.ac.at/apigate/stores/201/orders,9,0,0,null
1603711086896,8,UC5 show stock report,200,HTTP/1.1 200,UC5 1-1,true,,384,0,1,5,http://swa-kovacs-vm1.cs.univie.ac.at/apigate/stores/200/stock-item-reports,8,0,0,null
1603711086900,7,UC7 change price,200,HTTP/1.1 200,UC7 2-1,true,,127,0,1,5,http://swa-kovacs-vm1.cs.univie.ac.at/apigate/stores/200/stockitems/300,7,0,0,null
1603711086906,15,UC4 receive order,200,HTTP/1.1 200,UC4 4-1,true,,127,0,1,5,http://swa-kovacs-vm1.cs.univie.ac.at/apigate/stores/201/orders/113,15,0,0,null
1603711086928,21,UC6 delivery reports,200,HTTP/1.1 200,UC6 5-1,true,,342,0,1,5,http://swa-kovacs-vm1.cs.univie.ac.at/apigate/enterprises/901/delivery-reports,20,0,0,null
1603711087163,10,UC3 order products,201,HTTP/1.1 201,UC3 3-1,true,,242,0,1,5,http://swa-kovacs-vm1.cs.univie.ac.at/apigate/stores/201/orders,10,0,0,null
1603711087205,5,UC5 show stock report,200,HTTP/1.1 200,UC5 1-1,true,,384,0,1,5,http://swa-kovacs-vm1.cs.univie.ac.at/apigate/stores/200/stock-item-reports,5,0,0,null
1603711087207,6,UC7 change price,200,HTTP/1.1 200,UC7 2-1,true,,127,0,1,5,http://swa-kovacs-vm1.cs.univie.ac.at/apigate/stores/200/stockitems/300,6,0,0,null
1603711087221,15,UC4 receive order,200,HTTP/1.1 200,UC4 4-1,true,,127,0,1,5,http://swa-kovacs-vm1.cs.univie.ac.at/apigate/stores/201/orders/113,15,0,0,null
1603711087249,16,UC6 delivery reports,200,HTTP/1.1 200,UC6 5-1,true,,342,0,1,5,http://swa-kovacs-vm1.cs.univie.ac.at/apigate/enterprises/901/delivery-reports,15,0,0,null
1603711087474,10,UC3 order products,201,HTTP/1.1 201,UC3 3-1,true,,242,0,1,5,http://swa-kovacs-vm1.cs.univie.ac.at/apigate/stores/201/orders,10,0,0,null
1603711087511,8,UC5 show stock report,200,HTTP/1.1 200,UC5 1-1,true,,384,0,1,5,http://swa-kovacs-vm1.cs.univie.ac.at/apigate/stores/200/stock-item-reports,8,0,0,null
1603711087513,6,UC7 change price,200,HTTP/1.1 200,UC7 2-1,true,,127,0,1,5,http://swa-kovacs-vm1.cs.univie.ac.at/apigate/stores/200/stockitems/300,6,0,0,null
1603711087536,16,UC4 receive order,200,HTTP/1.1 200,UC4 4-1,true,,127,0,1,5,http://swa-kovacs-vm1.cs.univie.ac.at/apigate/stores/201/orders/113,16,0,0,null
1603711087565,20,UC6 delivery reports,200,HTTP/1.1 200,UC6 5-1,true,,342,0,1,5,http://swa-kovacs-vm1.cs.univie.ac.at/apigate/enterprises/901/delivery-reports,19,0,0,null
1603711087785,9,UC3 order products,201,HTTP/1.1 201,UC3 3-1,true,,242,0,1,5,http://swa-kovacs-vm1.cs.univie.ac.at/apigate/stores/201/orders,9,0,0,null
1603711087820,6,UC7 change price,200,HTTP/1.1 200,UC7 2-1,true,,127,0,1,5,http://swa-kovacs-vm1.cs.univie.ac.at/apigate/stores/200/stockitems/300,6,0,0,null
1603711087819,8,UC5 show stock report,200,HTTP/1.1 200,UC5 1-1,true,,384,0,1,5,http://swa-kovacs-vm1.cs.univie.ac.at/apigate/stores/200/stock-item-reports,8,0,0,null
1603711087852,15,UC4 receive order,200,HTTP/1.1 200,UC4 4-1,true,,127,0,1,5,http://swa-kovacs-vm1.cs.univie.ac.at/apigate/stores/201/orders/113,15,0,0,null
1603711087885,16,UC6 delivery reports,200,HTTP/1.1 200,UC6 5-1,true,,342,0,1,5,http://swa-kovacs-vm1.cs.univie.ac.at/apigate/enterprises/901/delivery-reports,16,0,0,null
1603711088095,8,UC3 order products,201,HTTP/1.1 201,UC3 3-1,true,,242,0,1,5,http://swa-kovacs-vm1.cs.univie.ac.at/apigate/stores/201/orders,8,0,0,null
1603711088127,7,UC5 show stock report,200,HTTP/1.1 200,UC5 1-1,true,,384,0,1,5,http://swa-kovacs-vm1.cs.univie.ac.at/apigate/stores/200/stock-item-reports,7,0,0,null
1603711088127,8,UC7 change price,200,HTTP/1.1 200,UC7 2-1,true,,127,0,1,5,http://swa-kovacs-vm1.cs.univie.ac.at/apigate/stores/200/stockitems/300,8,0,0,null
1603711088167,17,UC4 receive order,200,HTTP/1.1 200,UC4 4-1,true,,127,0,1,5,http://swa-kovacs-vm1.cs.univie.ac.at/apigate/stores/201/orders/113,17,0,0,null
1603711088201,26,UC6 delivery reports,200,HTTP/1.1 200,UC6 5-1,true,,342,0,1,5,http://swa-kovacs-vm1.cs.univie.ac.at/apigate/enterprises/901/delivery-reports,26,0,0,null
1603711088404,9,UC3 order products,201,HTTP/1.1 201,UC3 3-1,true,,242,0,1,5,http://swa-kovacs-vm1.cs.univie.ac.at/apigate/stores/201/orders,9,0,0,null
1603711088434,9,UC5 show stock report,200,HTTP/1.1 200,UC5 1-1,true,,384,0,1,5,http://swa-kovacs-vm1.cs.univie.ac.at/apigate/stores/200/stock-item-reports,9,0,0,null
1603711088435,9,UC7 change price,200,HTTP/1.1 200,UC7 2-1,true,,127,0,1,5,http://swa-kovacs-vm1.cs.univie.ac.at/apigate/stores/200/stockitems/300,9,0,0,null
1603711088484,16,UC4 receive order,200,HTTP/1.1 200,UC4 4-1,true,,127,0,1,5,http://swa-kovacs-vm1.cs.univie.ac.at/apigate/stores/201/orders/113,16,0,0,null
1603711088528,18,UC6 delivery reports,200,HTTP/1.1 200,UC6 5-1,true,,342,0,1,5,http://swa-kovacs-vm1.cs.univie.ac.at/apigate/enterprises/901/delivery-reports,18,0,0,null
1603711088713,9,UC3 order products,201,HTTP/1.1 201,UC3 3-1,true,,242,0,1,5,http://swa-kovacs-vm1.cs.univie.ac.at/apigate/stores/201/orders,9,0,0,null
1603711088744,5,UC5 show stock report,200,HTTP/1.1 200,UC5 1-1,true,,384,0,1,5,http://swa-kovacs-vm1.cs.univie.ac.at/apigate/stores/200/stock-item-reports,5,0,0,null
1603711088745,6,UC7 change price,200,HTTP/1.1 200,UC7 2-1,true,,127,0,1,5,http://swa-kovacs-vm1.cs.univie.ac.at/apigate/stores/200/stockitems/300,6,0,0,null
1603711088801,18,UC4 receive order,200,HTTP/1.1 200,UC4 4-1,true,,127,0,1,5,http://swa-kovacs-vm1.cs.univie.ac.at/apigate/stores/201/orders/113,18,0,0,null
1603711088846,20,UC6 delivery reports,200,HTTP/1.1 200,UC6 5-1,true,,342,0,1,5,http://swa-kovacs-vm1.cs.univie.ac.at/apigate/enterprises/901/delivery-reports,20,0,0,null
1603711089023,10,UC3 order products,201,HTTP/1.1 201,UC3 3-1,true,,242,0,1,5,http://swa-kovacs-vm1.cs.univie.ac.at/apigate/stores/201/orders,10,0,0,null
1603711089050,6,UC5 show stock report,200,HTTP/1.1 200,UC5 1-1,true,,384,0,1,5,http://swa-kovacs-vm1.cs.univie.ac.at/apigate/stores/200/stock-item-reports,6,0,0,null
1603711089051,6,UC7 change price,200,HTTP/1.1 200,UC7 2-1,true,,127,0,1,5,http://swa-kovacs-vm1.cs.univie.ac.at/apigate/stores/200/stockitems/300,6,0,0,null
1603711089120,16,UC4 receive order,200,HTTP/1.1 200,UC4 4-1,true,,127,0,1,5,http://swa-kovacs-vm1.cs.univie.ac.at/apigate/stores/201/orders/113,16,0,0,null
1603711089166,14,UC6 delivery reports,200,HTTP/1.1 200,UC6 5-1,true,,337,0,1,5,http://swa-kovacs-vm1.cs.univie.ac.at/apigate/enterprises/901/delivery-reports,14,0,0,null
1603711089334,9,UC3 order products,201,HTTP/1.1 201,UC3 3-1,true,,242,0,1,5,http://swa-kovacs-vm1.cs.univie.ac.at/apigate/stores/201/orders,9,0,0,null
1603711089356,7,UC5 show stock report,200,HTTP/1.1 200,UC5 1-1,true,,384,0,1,5,http://swa-kovacs-vm1.cs.univie.ac.at/apigate/stores/200/stock-item-reports,7,0,0,null
1603711089357,8,UC7 change price,200,HTTP/1.1 200,UC7 2-1,true,,127,0,1,5,http://swa-kovacs-vm1.cs.univie.ac.at/apigate/stores/200/stockitems/300,8,0,0,null
1603711089436,17,UC4 receive order,200,HTTP/1.1 200,UC4 4-1,true,,127,0,1,5,http://swa-kovacs-vm1.cs.univie.ac.at/apigate/stores/201/orders/113,17,0,0,null
1603711089480,15,UC6 delivery reports,200,HTTP/1.1 200,UC6 5-1,true,,342,0,1,5,http://swa-kovacs-vm1.cs.univie.ac.at/apigate/enterprises/901/delivery-reports,15,0,0,null
1603711089644,12,UC3 order products,201,HTTP/1.1 201,UC3 3-1,true,,242,0,1,5,http://swa-kovacs-vm1.cs.univie.ac.at/apigate/stores/201/orders,11,0,0,null
1603711089664,6,UC5 show stock report,200,HTTP/1.1 200,UC5 1-1,true,,384,0,1,5,http://swa-kovacs-vm1.cs.univie.ac.at/apigate/stores/200/stock-item-reports,6,0,0,null
1603711089665,6,UC7 change price,200,HTTP/1.1 200,UC7 2-1,true,,127,0,1,5,http://swa-kovacs-vm1.cs.univie.ac.at/apigate/stores/200/stockitems/300,6,0,0,null
1603711089754,17,UC4 receive order,200,HTTP/1.1 200,UC4 4-1,true,,127,0,1,5,http://swa-kovacs-vm1.cs.univie.ac.at/apigate/stores/201/orders/113,17,0,0,null
1603711089796,19,UC6 delivery reports,200,HTTP/1.1 200,UC6 5-1,true,,342,0,1,5,http://swa-kovacs-vm1.cs.univie.ac.at/apigate/enterprises/901/delivery-reports,18,0,0,null
1603711089956,10,UC3 order products,201,HTTP/1.1 201,UC3 3-1,true,,242,0,1,5,http://swa-kovacs-vm1.cs.univie.ac.at/apigate/stores/201/orders,10,0,0,null
1603711089971,7,UC7 change price,200,HTTP/1.1 200,UC7 2-1,true,,127,0,1,5,http://swa-kovacs-vm1.cs.univie.ac.at/apigate/stores/200/stockitems/300,7,0,0,null
1603711089970,9,UC5 show stock report,200,HTTP/1.1 200,UC5 1-1,true,,384,0,1,5,http://swa-kovacs-vm1.cs.univie.ac.at/apigate/stores/200/stock-item-reports,9,0,0,null
1603711090071,17,UC4 receive order,200,HTTP/1.1 200,UC4 4-1,true,,127,0,1,5,http://swa-kovacs-vm1.cs.univie.ac.at/apigate/stores/201/orders/113,17,0,0,null
1603711090115,16,UC6 delivery reports,200,HTTP/1.1 200,UC6 5-1,true,,342,0,1,5,http://swa-kovacs-vm1.cs.univie.ac.at/apigate/enterprises/901/delivery-reports,15,0,0,null
1603711090267,8,UC3 order products,201,HTTP/1.1 201,UC3 3-1,true,,242,0,1,5,http://swa-kovacs-vm1.cs.univie.ac.at/apigate/stores/201/orders,8,0,0,null
1603711090278,7,UC7 change price,200,HTTP/1.1 200,UC7 2-1,true,,127,0,1,5,http://swa-kovacs-vm1.cs.univie.ac.at/apigate/stores/200/stockitems/300,7,0,0,null
1603711090279,8,UC5 show stock report,200,HTTP/1.1 200,UC5 1-1,true,,384,0,1,5,http://swa-kovacs-vm1.cs.univie.ac.at/apigate/stores/200/stock-item-reports,7,0,0,null
1603711090388,17,UC4 receive order,200,HTTP/1.1 200,UC4 4-1,true,,127,0,1,5,http://swa-kovacs-vm1.cs.univie.ac.at/apigate/stores/201/orders/113,17,0,0,null
1603711090431,19,UC6 delivery reports,200,HTTP/1.1 200,UC6 5-1,true,,342,0,1,5,http://swa-kovacs-vm1.cs.univie.ac.at/apigate/enterprises/901/delivery-reports,18,0,0,null
1603711090576,10,UC3 order products,201,HTTP/1.1 201,UC3 3-1,true,,242,0,1,5,http://swa-kovacs-vm1.cs.univie.ac.at/apigate/stores/201/orders,10,0,0,null
1603711090587,6,UC5 show stock report,200,HTTP/1.1 200,UC5 1-1,true,,384,0,1,5,http://swa-kovacs-vm1.cs.univie.ac.at/apigate/stores/200/stock-item-reports,6,0,0,null
1603711090586,8,UC7 change price,200,HTTP/1.1 200,UC7 2-1,true,,127,0,1,5,http://swa-kovacs-vm1.cs.univie.ac.at/apigate/stores/200/stockitems/300,8,0,0,null
1603711090705,17,UC4 receive order,200,HTTP/1.1 200,UC4 4-1,true,,127,0,1,5,http://swa-kovacs-vm1.cs.univie.ac.at/apigate/stores/201/orders/113,17,0,0,null
1603711090750,18,UC6 delivery reports,200,HTTP/1.1 200,UC6 5-1,true,,342,0,1,5,http://swa-kovacs-vm1.cs.univie.ac.at/apigate/enterprises/901/delivery-reports,18,0,0,null
1603711090887,10,UC3 order products,201,HTTP/1.1 201,UC3 3-1,true,,242,0,1,5,http://swa-kovacs-vm1.cs.univie.ac.at/apigate/stores/201/orders,9,0,0,null
1603711090893,7,UC5 show stock report,200,HTTP/1.1 200,UC5 1-1,true,,384,0,1,5,http://swa-kovacs-vm1.cs.univie.ac.at/apigate/stores/200/stock-item-reports,6,0,0,null
1603711090894,7,UC7 change price,200,HTTP/1.1 200,UC7 2-1,true,,127,0,1,5,http://swa-kovacs-vm1.cs.univie.ac.at/apigate/stores/200/stockitems/300,7,0,0,null
1603711091023,18,UC4 receive order,200,HTTP/1.1 200,UC4 4-1,true,,127,0,1,5,http://swa-kovacs-vm1.cs.univie.ac.at/apigate/stores/201/orders/113,18,0,0,null
1603711091069,17,UC6 delivery reports,200,HTTP/1.1 200,UC6 5-1,true,,342,0,1,5,http://swa-kovacs-vm1.cs.univie.ac.at/apigate/enterprises/901/delivery-reports,17,0,0,null
1603711091200,6,UC5 show stock report,200,HTTP/1.1 200,UC5 1-1,true,,384,0,1,5,http://swa-kovacs-vm1.cs.univie.ac.at/apigate/stores/200/stock-item-reports,6,0,0,null
1603711091202,5,UC7 change price,200,HTTP/1.1 200,UC7 2-1,true,,127,0,1,5,http://swa-kovacs-vm1.cs.univie.ac.at/apigate/stores/200/stockitems/300,5,0,0,null
1603711091197,11,UC3 order products,201,HTTP/1.1 201,UC3 3-1,true,,242,0,1,5,http://swa-kovacs-vm1.cs.univie.ac.at/apigate/stores/201/orders,11,0,0,null
1603711091342,18,UC4 receive order,200,HTTP/1.1 200,UC4 4-1,true,,127,0,1,5,http://swa-kovacs-vm1.cs.univie.ac.at/apigate/stores/201/orders/113,18,0,0,null
1603711091386,17,UC6 delivery reports,200,HTTP/1.1 200,UC6 5-1,true,,342,0,1,5,http://swa-kovacs-vm1.cs.univie.ac.at/apigate/enterprises/901/delivery-reports,17,0,0,null
1603711091506,8,UC5 show stock report,200,HTTP/1.1 200,UC5 1-1,true,,384,0,1,5,http://swa-kovacs-vm1.cs.univie.ac.at/apigate/stores/200/stock-item-reports,8,0,0,null
1603711091508,7,UC7 change price,200,HTTP/1.1 200,UC7 2-1,true,,127,0,1,5,http://swa-kovacs-vm1.cs.univie.ac.at/apigate/stores/200/stockitems/300,7,0,0,null
1603711091509,9,UC3 order products,201,HTTP/1.1 201,UC3 3-1,true,,242,0,1,5,http://swa-kovacs-vm1.cs.univie.ac.at/apigate/stores/201/orders,9,0,0,null
1603711091661,17,UC4 receive order,200,HTTP/1.1 200,UC4 4-1,true,,127,0,1,5,http://swa-kovacs-vm1.cs.univie.ac.at/apigate/stores/201/orders/113,17,0,0,null
1603711091703,15,UC6 delivery reports,200,HTTP/1.1 200,UC6 5-1,true,,342,0,1,5,http://swa-kovacs-vm1.cs.univie.ac.at/apigate/enterprises/901/delivery-reports,14,0,0,null
1603711091815,7,UC5 show stock report,200,HTTP/1.1 200,UC5 1-1,true,,384,0,1,5,http://swa-kovacs-vm1.cs.univie.ac.at/apigate/stores/200/stock-item-reports,7,0,0,null
1603711091815,8,UC7 change price,200,HTTP/1.1 200,UC7 2-1,true,,127,0,1,5,http://swa-kovacs-vm1.cs.univie.ac.at/apigate/stores/200/stockitems/300,8,0,0,null
1603711091819,10,UC3 order products,201,HTTP/1.1 201,UC3 3-1,true,,242,0,1,5,http://swa-kovacs-vm1.cs.univie.ac.at/apigate/stores/201/orders,10,0,0,null
1603711091979,19,UC4 receive order,200,HTTP/1.1 200,UC4 4-1,true,,127,0,1,5,http://swa-kovacs-vm1.cs.univie.ac.at/apigate/stores/201/orders/113,19,0,0,null
1603711092018,18,UC6 delivery reports,200,HTTP/1.1 200,UC6 5-1,true,,342,0,1,5,http://swa-kovacs-vm1.cs.univie.ac.at/apigate/enterprises/901/delivery-reports,18,0,0,null
1603711092123,7,UC7 change price,200,HTTP/1.1 200,UC7 2-1,true,,127,0,1,5,http://swa-kovacs-vm1.cs.univie.ac.at/apigate/stores/200/stockitems/300,7,0,0,null
1603711092123,8,UC5 show stock report,200,HTTP/1.1 200,UC5 1-1,true,,384,0,1,5,http://swa-kovacs-vm1.cs.univie.ac.at/apigate/stores/200/stock-item-reports,7,0,0,null
1603711092129,8,UC3 order products,201,HTTP/1.1 201,UC3 3-1,true,,242,0,1,5,http://swa-kovacs-vm1.cs.univie.ac.at/apigate/stores/201/orders,8,0,0,null
1603711092298,18,UC4 receive order,200,HTTP/1.1 200,UC4 4-1,true,,127,0,1,5,http://swa-kovacs-vm1.cs.univie.ac.at/apigate/stores/201/orders/113,18,0,0,null
1603711092336,18,UC6 delivery reports,200,HTTP/1.1 200,UC6 5-1,true,,342,0,1,5,http://swa-kovacs-vm1.cs.univie.ac.at/apigate/enterprises/901/delivery-reports,18,0,0,null
1603711092432,7,UC5 show stock report,200,HTTP/1.1 200,UC5 1-1,true,,384,0,1,5,http://swa-kovacs-vm1.cs.univie.ac.at/apigate/stores/200/stock-item-reports,7,0,0,null
1603711092431,9,UC7 change price,200,HTTP/1.1 200,UC7 2-1,true,,127,0,1,5,http://swa-kovacs-vm1.cs.univie.ac.at/apigate/stores/200/stockitems/300,9,0,0,null
1603711092438,8,UC3 order products,201,HTTP/1.1 201,UC3 3-1,true,,242,0,1,5,http://swa-kovacs-vm1.cs.univie.ac.at/apigate/stores/201/orders,8,0,0,null
1603711092617,17,UC4 receive order,200,HTTP/1.1 200,UC4 4-1,true,,127,0,1,5,http://swa-kovacs-vm1.cs.univie.ac.at/apigate/stores/201/orders/113,17,0,0,null
1603711092655,18,UC6 delivery reports,200,HTTP/1.1 200,UC6 5-1,true,,342,0,1,5,http://swa-kovacs-vm1.cs.univie.ac.at/apigate/enterprises/901/delivery-reports,18,0,0,null
1603711092740,9,UC7 change price,200,HTTP/1.1 200,UC7 2-1,true,,127,0,1,5,http://swa-kovacs-vm1.cs.univie.ac.at/apigate/stores/200/stockitems/300,9,0,0,null
1603711092740,9,UC5 show stock report,200,HTTP/1.1 200,UC5 1-1,true,,384,0,1,5,http://swa-kovacs-vm1.cs.univie.ac.at/apigate/stores/200/stock-item-reports,8,0,0,null
1603711092747,13,UC3 order products,201,HTTP/1.1 201,UC3 3-1,true,,242,0,1,5,http://swa-kovacs-vm1.cs.univie.ac.at/apigate/stores/201/orders,13,0,0,null
1603711092935,15,UC4 receive order,200,HTTP/1.1 200,UC4 4-1,true,,127,0,1,5,http://swa-kovacs-vm1.cs.univie.ac.at/apigate/stores/201/orders/113,15,0,0,null
1603711092973,19,UC6 delivery reports,200,HTTP/1.1 200,UC6 5-1,true,,342,0,1,5,http://swa-kovacs-vm1.cs.univie.ac.at/apigate/enterprises/901/delivery-reports,19,0,0,null
1603711093050,7,UC5 show stock report,200,HTTP/1.1 200,UC5 1-1,true,,384,0,1,5,http://swa-kovacs-vm1.cs.univie.ac.at/apigate/stores/200/stock-item-reports,7,0,0,null
1603711093049,9,UC7 change price,200,HTTP/1.1 200,UC7 2-1,true,,127,0,1,5,http://swa-kovacs-vm1.cs.univie.ac.at/apigate/stores/200/stockitems/300,9,0,0,null
1603711093060,8,UC3 order products,201,HTTP/1.1 201,UC3 3-1,true,,242,0,1,5,http://swa-kovacs-vm1.cs.univie.ac.at/apigate/stores/201/orders,8,0,0,null
1603711093251,20,UC4 receive order,200,HTTP/1.1 200,UC4 4-1,true,,127,0,1,5,http://swa-kovacs-vm1.cs.univie.ac.at/apigate/stores/201/orders/113,20,0,0,null
1603711093293,22,UC6 delivery reports,200,HTTP/1.1 200,UC6 5-1,true,,342,0,1,5,http://swa-kovacs-vm1.cs.univie.ac.at/apigate/enterprises/901/delivery-reports,22,0,0,null
1603711093358,7,UC5 show stock report,200,HTTP/1.1 200,UC5 1-1,true,,384,0,1,5,http://swa-kovacs-vm1.cs.univie.ac.at/apigate/stores/200/stock-item-reports,7,0,0,null
1603711093358,8,UC7 change price,200,HTTP/1.1 200,UC7 2-1,true,,127,0,1,5,http://swa-kovacs-vm1.cs.univie.ac.at/apigate/stores/200/stockitems/300,8,0,0,null
1603711093369,8,UC3 order products,201,HTTP/1.1 201,UC3 3-1,true,,242,0,1,5,http://swa-kovacs-vm1.cs.univie.ac.at/apigate/stores/201/orders,8,0,0,null
1603711093572,20,UC4 receive order,200,HTTP/1.1 200,UC4 4-1,true,,127,0,1,5,http://swa-kovacs-vm1.cs.univie.ac.at/apigate/stores/201/orders/113,20,0,0,null
1603711093615,19,UC6 delivery reports,200,HTTP/1.1 200,UC6 5-1,true,,342,0,1,5,http://swa-kovacs-vm1.cs.univie.ac.at/apigate/enterprises/901/delivery-reports,19,0,0,null
1603711093667,7,UC7 change price,200,HTTP/1.1 200,UC7 2-1,true,,127,0,1,5,http://swa-kovacs-vm1.cs.univie.ac.at/apigate/stores/200/stockitems/300,7,0,0,null
1603711093666,9,UC5 show stock report,200,HTTP/1.1 200,UC5 1-1,true,,384,0,1,5,http://swa-kovacs-vm1.cs.univie.ac.at/apigate/stores/200/stock-item-reports,9,0,0,null
1603711093677,9,UC3 order products,201,HTTP/1.1 201,UC3 3-1,true,,242,0,1,5,http://swa-kovacs-vm1.cs.univie.ac.at/apigate/stores/201/orders,9,0,0,null
1603711093892,19,UC4 receive order,200,HTTP/1.1 200,UC4 4-1,true,,127,0,1,5,http://swa-kovacs-vm1.cs.univie.ac.at/apigate/stores/201/orders/113,19,0,0,null
1603711093935,17,UC6 delivery reports,200,HTTP/1.1 200,UC6 5-1,true,,342,0,1,5,http://swa-kovacs-vm1.cs.univie.ac.at/apigate/enterprises/901/delivery-reports,16,0,0,null
1603711093975,7,UC5 show stock report,200,HTTP/1.1 200,UC5 1-1,true,,384,0,1,5,http://swa-kovacs-vm1.cs.univie.ac.at/apigate/stores/200/stock-item-reports,7,0,0,null
1603711093975,8,UC7 change price,200,HTTP/1.1 200,UC7 2-1,true,,127,0,1,5,http://swa-kovacs-vm1.cs.univie.ac.at/apigate/stores/200/stockitems/300,8,0,0,null
1603711093986,8,UC3 order products,201,HTTP/1.1 201,UC3 3-1,true,,242,0,1,5,http://swa-kovacs-vm1.cs.univie.ac.at/apigate/stores/201/orders,8,0,0,null
1603711094212,17,UC4 receive order,200,HTTP/1.1 200,UC4 4-1,true,,127,0,1,5,http://swa-kovacs-vm1.cs.univie.ac.at/apigate/stores/201/orders/113,17,0,0,null
1603711094252,14,UC6 delivery reports,200,HTTP/1.1 200,UC6 5-1,true,,342,0,1,5,http://swa-kovacs-vm1.cs.univie.ac.at/apigate/enterprises/901/delivery-reports,14,0,0,null
1603711094283,7,UC5 show stock report,200,HTTP/1.1 200,UC5 1-1,true,,384,0,1,5,http://swa-kovacs-vm1.cs.univie.ac.at/apigate/stores/200/stock-item-reports,7,0,0,null
1603711094283,8,UC7 change price,200,HTTP/1.1 200,UC7 2-1,true,,127,0,1,5,http://swa-kovacs-vm1.cs.univie.ac.at/apigate/stores/200/stockitems/300,8,0,0,null
1603711094295,8,UC3 order products,201,HTTP/1.1 201,UC3 3-1,true,,242,0,1,5,http://swa-kovacs-vm1.cs.univie.ac.at/apigate/stores/201/orders,8,0,0,null
1603711094530,19,UC4 receive order,200,HTTP/1.1 200,UC4 4-1,true,,127,0,1,5,http://swa-kovacs-vm1.cs.univie.ac.at/apigate/stores/201/orders/113,19,0,0,null
1603711094567,18,UC6 delivery reports,200,HTTP/1.1 200,UC6 5-1,true,,342,0,1,5,http://swa-kovacs-vm1.cs.univie.ac.at/apigate/enterprises/901/delivery-reports,18,0,0,null
1603711094590,8,UC5 show stock report,200,HTTP/1.1 200,UC5 1-1,true,,384,0,1,5,http://swa-kovacs-vm1.cs.univie.ac.at/apigate/stores/200/stock-item-reports,8,0,0,null
1603711094591,7,UC7 change price,200,HTTP/1.1 200,UC7 2-1,true,,127,0,1,5,http://swa-kovacs-vm1.cs.univie.ac.at/apigate/stores/200/stockitems/300,7,0,0,null
1603711094603,8,UC3 order products,201,HTTP/1.1 201,UC3 3-1,true,,242,0,1,5,http://swa-kovacs-vm1.cs.univie.ac.at/apigate/stores/201/orders,8,0,0,null
1603711094850,22,UC4 receive order,200,HTTP/1.1 200,UC4 4-1,true,,127,0,1,5,http://swa-kovacs-vm1.cs.univie.ac.at/apigate/stores/201/orders/113,22,0,0,null
1603711094886,19,UC6 delivery reports,200,HTTP/1.1 200,UC6 5-1,true,,342,0,1,5,http://swa-kovacs-vm1.cs.univie.ac.at/apigate/enterprises/901/delivery-reports,19,0,0,null
1603711094898,8,UC5 show stock report,200,HTTP/1.1 200,UC5 1-1,true,,384,0,1,5,http://swa-kovacs-vm1.cs.univie.ac.at/apigate/stores/200/stock-item-reports,8,0,0,null
1603711094899,7,UC7 change price,200,HTTP/1.1 200,UC7 2-1,true,,127,0,1,5,http://swa-kovacs-vm1.cs.univie.ac.at/apigate/stores/200/stockitems/300,7,0,0,null
1603711094912,8,UC3 order products,201,HTTP/1.1 201,UC3 3-1,true,,242,0,1,5,http://swa-kovacs-vm1.cs.univie.ac.at/apigate/stores/201/orders,8,0,0,null
1603711095173,18,UC4 receive order,200,HTTP/1.1 200,UC4 4-1,true,,122,0,1,5,http://swa-kovacs-vm1.cs.univie.ac.at/apigate/stores/201/orders/113,18,0,0,null
1603711095206,8,UC5 show stock report,200,HTTP/1.1 200,UC5 1-1,true,,384,0,1,5,http://swa-kovacs-vm1.cs.univie.ac.at/apigate/stores/200/stock-item-reports,7,0,0,null
1603711095207,7,UC7 change price,200,HTTP/1.1 200,UC7 2-1,true,,127,0,1,5,http://swa-kovacs-vm1.cs.univie.ac.at/apigate/stores/200/stockitems/300,7,0,0,null
1603711095205,15,UC6 delivery reports,200,HTTP/1.1 200,UC6 5-1,true,,342,0,1,5,http://swa-kovacs-vm1.cs.univie.ac.at/apigate/enterprises/901/delivery-reports,15,0,0,null
1603711095221,7,UC3 order products,201,HTTP/1.1 201,UC3 3-1,true,,242,0,1,5,http://swa-kovacs-vm1.cs.univie.ac.at/apigate/stores/201/orders,7,0,0,null
1603711095492,18,UC4 receive order,200,HTTP/1.1 200,UC4 4-1,true,,127,0,1,5,http://swa-kovacs-vm1.cs.univie.ac.at/apigate/stores/201/orders/113,18,0,0,null
1603711095515,5,UC7 change price,200,HTTP/1.1 200,UC7 2-1,true,,127,0,1,5,http://swa-kovacs-vm1.cs.univie.ac.at/apigate/stores/200/stockitems/300,5,0,0,null
1603711095514,10,UC5 show stock report,200,HTTP/1.1 200,UC5 1-1,true,,384,0,1,5,http://swa-kovacs-vm1.cs.univie.ac.at/apigate/stores/200/stock-item-reports,10,0,0,null
1603711095521,16,UC6 delivery reports,200,HTTP/1.1 200,UC6 5-1,true,,342,0,1,5,http://swa-kovacs-vm1.cs.univie.ac.at/apigate/enterprises/901/delivery-reports,16,0,0,null
1603711095529,11,UC3 order products,201,HTTP/1.1 201,UC3 3-1,true,,242,0,1,5,http://swa-kovacs-vm1.cs.univie.ac.at/apigate/stores/201/orders,11,0,0,null
1603711095821,6,UC7 change price,200,HTTP/1.1 200,UC7 2-1,true,,127,0,1,5,http://swa-kovacs-vm1.cs.univie.ac.at/apigate/stores/200/stockitems/300,6,0,0,null
1603711095810,18,UC4 receive order,200,HTTP/1.1 200,UC4 4-1,true,,127,0,1,5,http://swa-kovacs-vm1.cs.univie.ac.at/apigate/stores/201/orders/113,18,0,0,null
1603711095825,5,UC5 show stock report,200,HTTP/1.1 200,UC5 1-1,true,,384,0,1,5,http://swa-kovacs-vm1.cs.univie.ac.at/apigate/stores/200/stock-item-reports,5,0,0,null
1603711095841,9,UC3 order products,201,HTTP/1.1 201,UC3 3-1,true,,242,0,1,5,http://swa-kovacs-vm1.cs.univie.ac.at/apigate/stores/201/orders,8,0,0,null
1603711095837,15,UC6 delivery reports,200,HTTP/1.1 200,UC6 5-1,true,,342,0,1,5,http://swa-kovacs-vm1.cs.univie.ac.at/apigate/enterprises/901/delivery-reports,14,0,0,null
1603711096131,6,UC5 show stock report,200,HTTP/1.1 200,UC5 1-1,true,,384,0,1,5,http://swa-kovacs-vm1.cs.univie.ac.at/apigate/stores/200/stock-item-reports,6,0,0,null
1603711096128,10,UC7 change price,200,HTTP/1.1 200,UC7 2-1,true,,127,0,1,5,http://swa-kovacs-vm1.cs.univie.ac.at/apigate/stores/200/stockitems/300,10,0,0,null
1603711096128,19,UC4 receive order,200,HTTP/1.1 200,UC4 4-1,true,,127,0,1,5,http://swa-kovacs-vm1.cs.univie.ac.at/apigate/stores/201/orders/113,19,0,0,null
1603711096150,9,UC3 order products,201,HTTP/1.1 201,UC3 3-1,true,,242,0,1,5,http://swa-kovacs-vm1.cs.univie.ac.at/apigate/stores/201/orders,9,0,0,null
1603711096152,15,UC6 delivery reports,200,HTTP/1.1 200,UC6 5-1,true,,342,0,1,5,http://swa-kovacs-vm1.cs.univie.ac.at/apigate/enterprises/901/delivery-reports,15,0,0,null
1603711096439,7,UC7 change price,200,HTTP/1.1 200,UC7 2-1,true,,127,0,1,5,http://swa-kovacs-vm1.cs.univie.ac.at/apigate/stores/200/stockitems/300,7,0,0,null
1603711096438,9,UC5 show stock report,200,HTTP/1.1 200,UC5 1-1,true,,384,0,1,5,http://swa-kovacs-vm1.cs.univie.ac.at/apigate/stores/200/stock-item-reports,9,0,0,null
1603711096447,19,UC4 receive order,200,HTTP/1.1 200,UC4 4-1,true,,127,0,1,5,http://swa-kovacs-vm1.cs.univie.ac.at/apigate/stores/201/orders/113,19,0,0,null
1603711096460,8,UC3 order products,201,HTTP/1.1 201,UC3 3-1,true,,242,0,1,5,http://swa-kovacs-vm1.cs.univie.ac.at/apigate/stores/201/orders,8,0,0,null
1603711096467,16,UC6 delivery reports,200,HTTP/1.1 200,UC6 5-1,true,,342,0,1,5,http://swa-kovacs-vm1.cs.univie.ac.at/apigate/enterprises/901/delivery-reports,16,0,0,null
1603711096747,8,UC5 show stock report,200,HTTP/1.1 200,UC5 1-1,true,,384,0,1,5,http://swa-kovacs-vm1.cs.univie.ac.at/apigate/stores/200/stock-item-reports,8,0,0,null
1603711096746,11,UC7 change price,200,HTTP/1.1 200,UC7 2-1,true,,127,0,1,5,http://swa-kovacs-vm1.cs.univie.ac.at/apigate/stores/200/stockitems/300,11,0,0,null
1603711096768,8,UC3 order products,201,HTTP/1.1 201,UC3 3-1,true,,242,0,1,5,http://swa-kovacs-vm1.cs.univie.ac.at/apigate/stores/201/orders,8,0,0,null
1603711096767,18,UC4 receive order,200,HTTP/1.1 200,UC4 4-1,true,,127,0,1,5,http://swa-kovacs-vm1.cs.univie.ac.at/apigate/stores/201/orders/113,18,0,0,null
1603711096783,17,UC6 delivery reports,200,HTTP/1.1 200,UC6 5-1,true,,342,0,1,5,http://swa-kovacs-vm1.cs.univie.ac.at/apigate/enterprises/901/delivery-reports,17,0,0,null
1603711097056,9,UC5 show stock report,200,HTTP/1.1 200,UC5 1-1,true,,384,0,1,5,http://swa-kovacs-vm1.cs.univie.ac.at/apigate/stores/200/stock-item-reports,9,0,0,null
1603711097057,8,UC7 change price,200,HTTP/1.1 200,UC7 2-1,true,,127,0,1,5,http://swa-kovacs-vm1.cs.univie.ac.at/apigate/stores/200/stockitems/300,8,0,0,null
1603711097077,10,UC3 order products,201,HTTP/1.1 201,UC3 3-1,true,,242,0,1,5,http://swa-kovacs-vm1.cs.univie.ac.at/apigate/stores/201/orders,10,0,0,null
1603711097085,15,UC4 receive order,200,HTTP/1.1 200,UC4 4-1,true,,127,0,1,5,http://swa-kovacs-vm1.cs.univie.ac.at/apigate/stores/201/orders/113,15,0,0,null
1603711097100,15,UC6 delivery reports,200,HTTP/1.1 200,UC6 5-1,true,,342,0,1,5,http://swa-kovacs-vm1.cs.univie.ac.at/apigate/enterprises/901/delivery-reports,15,0,0,null
1603711097366,6,UC7 change price,200,HTTP/1.1 200,UC7 2-1,true,,127,0,1,5,http://swa-kovacs-vm1.cs.univie.ac.at/apigate/stores/200/stockitems/300,6,0,0,null
1603711097365,8,UC5 show stock report,200,HTTP/1.1 200,UC5 1-1,true,,384,0,1,5,http://swa-kovacs-vm1.cs.univie.ac.at/apigate/stores/200/stock-item-reports,8,0,0,null
1603711097388,7,UC3 order products,201,HTTP/1.1 201,UC3 3-1,true,,242,0,1,5,http://swa-kovacs-vm1.cs.univie.ac.at/apigate/stores/201/orders,7,0,0,null
1603711097400,13,UC4 receive order,200,HTTP/1.1 200,UC4 4-1,true,,127,0,1,5,http://swa-kovacs-vm1.cs.univie.ac.at/apigate/stores/201/orders/113,13,0,0,null
1603711097415,18,UC6 delivery reports,200,HTTP/1.1 200,UC6 5-1,true,,342,0,1,5,http://swa-kovacs-vm1.cs.univie.ac.at/apigate/enterprises/901/delivery-reports,18,0,0,null
1603711097673,8,UC7 change price,200,HTTP/1.1 200,UC7 2-1,true,,127,0,1,5,http://swa-kovacs-vm1.cs.univie.ac.at/apigate/stores/200/stockitems/300,8,0,0,null
1603711097674,8,UC5 show stock report,200,HTTP/1.1 200,UC5 1-1,true,,384,0,1,5,http://swa-kovacs-vm1.cs.univie.ac.at/apigate/stores/200/stock-item-reports,8,0,0,null
1603711097695,9,UC3 order products,201,HTTP/1.1 201,UC3 3-1,true,,242,0,1,5,http://swa-kovacs-vm1.cs.univie.ac.at/apigate/stores/201/orders,9,0,0,null
1603711097714,15,UC4 receive order,200,HTTP/1.1 200,UC4 4-1,true,,127,0,1,5,http://swa-kovacs-vm1.cs.univie.ac.at/apigate/stores/201/orders/113,15,0,0,null
1603711097734,15,UC6 delivery reports,200,HTTP/1.1 200,UC6 5-1,true,,342,0,1,5,http://swa-kovacs-vm1.cs.univie.ac.at/apigate/enterprises/901/delivery-reports,15,0,0,null
1603711097983,6,UC5 show stock report,200,HTTP/1.1 200,UC5 1-1,true,,384,0,1,5,http://swa-kovacs-vm1.cs.univie.ac.at/apigate/stores/200/stock-item-reports,6,0,0,null
1603711097981,8,UC7 change price,200,HTTP/1.1 200,UC7 2-1,true,,127,0,1,5,http://swa-kovacs-vm1.cs.univie.ac.at/apigate/stores/200/stockitems/300,8,0,0,null
1603711098005,8,UC3 order products,201,HTTP/1.1 201,UC3 3-1,true,,242,0,1,5,http://swa-kovacs-vm1.cs.univie.ac.at/apigate/stores/201/orders,8,0,0,null
1603711098030,18,UC4 receive order,200,HTTP/1.1 200,UC4 4-1,true,,127,0,1,5,http://swa-kovacs-vm1.cs.univie.ac.at/apigate/stores/201/orders/113,18,0,0,null
1603711098050,17,UC6 delivery reports,200,HTTP/1.1 200,UC6 5-1,true,,342,0,1,5,http://swa-kovacs-vm1.cs.univie.ac.at/apigate/enterprises/901/delivery-reports,17,0,0,null
1603711098290,7,UC7 change price,200,HTTP/1.1 200,UC7 2-1,true,,127,0,1,5,http://swa-kovacs-vm1.cs.univie.ac.at/apigate/stores/200/stockitems/300,7,0,0,null
1603711098290,8,UC5 show stock report,200,HTTP/1.1 200,UC5 1-1,true,,384,0,1,5,http://swa-kovacs-vm1.cs.univie.ac.at/apigate/stores/200/stock-item-reports,8,0,0,null
1603711098313,9,UC3 order products,201,HTTP/1.1 201,UC3 3-1,true,,242,0,1,5,http://swa-kovacs-vm1.cs.univie.ac.at/apigate/stores/201/orders,9,0,0,null
1603711098348,14,UC4 receive order,200,HTTP/1.1 200,UC4 4-1,true,,122,0,1,5,http://swa-kovacs-vm1.cs.univie.ac.at/apigate/stores/201/orders/113,14,0,0,null
1603711098367,20,UC6 delivery reports,200,HTTP/1.1 200,UC6 5-1,true,,342,0,1,5,http://swa-kovacs-vm1.cs.univie.ac.at/apigate/enterprises/901/delivery-reports,19,0,0,null
1603711098598,7,UC7 change price,200,HTTP/1.1 200,UC7 2-1,true,,127,0,1,5,http://swa-kovacs-vm1.cs.univie.ac.at/apigate/stores/200/stockitems/300,7,0,0,null
1603711098598,7,UC5 show stock report,200,HTTP/1.1 200,UC5 1-1,true,,384,0,1,5,http://swa-kovacs-vm1.cs.univie.ac.at/apigate/stores/200/stock-item-reports,6,0,0,null
1603711098622,9,UC3 order products,201,HTTP/1.1 201,UC3 3-1,true,,242,0,1,5,http://swa-kovacs-vm1.cs.univie.ac.at/apigate/stores/201/orders,9,0,0,null
1603711098663,16,UC4 receive order,200,HTTP/1.1 200,UC4 4-1,true,,127,0,1,5,http://swa-kovacs-vm1.cs.univie.ac.at/apigate/stores/201/orders/113,16,0,0,null
1603711098687,15,UC6 delivery reports,200,HTTP/1.1 200,UC6 5-1,true,,342,0,1,5,http://swa-kovacs-vm1.cs.univie.ac.at/apigate/enterprises/901/delivery-reports,15,0,0,null
1603711098905,8,UC5 show stock report,200,HTTP/1.1 200,UC5 1-1,true,,384,0,1,5,http://swa-kovacs-vm1.cs.univie.ac.at/apigate/stores/200/stock-item-reports,7,0,0,null
1603711098905,9,UC7 change price,200,HTTP/1.1 200,UC7 2-1,true,,127,0,1,5,http://swa-kovacs-vm1.cs.univie.ac.at/apigate/stores/200/stockitems/300,9,0,0,null
1603711098932,12,UC3 order products,201,HTTP/1.1 201,UC3 3-1,true,,242,0,1,5,http://swa-kovacs-vm1.cs.univie.ac.at/apigate/stores/201/orders,12,0,0,null
1603711098980,16,UC4 receive order,200,HTTP/1.1 200,UC4 4-1,true,,127,0,1,5,http://swa-kovacs-vm1.cs.univie.ac.at/apigate/stores/201/orders/113,16,0,0,null
1603711099002,20,UC6 delivery reports,200,HTTP/1.1 200,UC6 5-1,true,,342,0,1,5,http://swa-kovacs-vm1.cs.univie.ac.at/apigate/enterprises/901/delivery-reports,20,0,0,null
1603711099213,7,UC5 show stock report,200,HTTP/1.1 200,UC5 1-1,true,,384,0,1,5,http://swa-kovacs-vm1.cs.univie.ac.at/apigate/stores/200/stock-item-reports,7,0,0,null
1603711099215,7,UC7 change price,200,HTTP/1.1 200,UC7 2-1,true,,127,0,1,5,http://swa-kovacs-vm1.cs.univie.ac.at/apigate/stores/200/stockitems/300,7,0,0,null
1603711099245,7,UC3 order products,201,HTTP/1.1 201,UC3 3-1,true,,242,0,1,5,http://swa-kovacs-vm1.cs.univie.ac.at/apigate/stores/201/orders,7,0,0,null
1603711099297,17,UC4 receive order,200,HTTP/1.1 200,UC4 4-1,true,,127,0,1,5,http://swa-kovacs-vm1.cs.univie.ac.at/apigate/stores/201/orders/113,17,0,0,null
1603711099322,17,UC6 delivery reports,200,HTTP/1.1 200,UC6 5-1,true,,342,0,1,5,http://swa-kovacs-vm1.cs.univie.ac.at/apigate/enterprises/901/delivery-reports,17,0,0,null
1603711099520,8,UC5 show stock report,200,HTTP/1.1 200,UC5 1-1,true,,384,0,1,5,http://swa-kovacs-vm1.cs.univie.ac.at/apigate/stores/200/stock-item-reports,8,0,0,null
1603711099522,6,UC7 change price,200,HTTP/1.1 200,UC7 2-1,true,,127,0,1,5,http://swa-kovacs-vm1.cs.univie.ac.at/apigate/stores/200/stockitems/300,6,0,0,null
1603711099552,10,UC3 order products,201,HTTP/1.1 201,UC3 3-1,true,,242,0,1,5,http://swa-kovacs-vm1.cs.univie.ac.at/apigate/stores/201/orders,10,0,0,null
1603711099615,16,UC4 receive order,200,HTTP/1.1 200,UC4 4-1,true,,127,0,1,5,http://swa-kovacs-vm1.cs.univie.ac.at/apigate/stores/201/orders/113,16,0,0,null
1603711099639,16,UC6 delivery reports,200,HTTP/1.1 200,UC6 5-1,true,,342,0,1,5,http://swa-kovacs-vm1.cs.univie.ac.at/apigate/enterprises/901/delivery-reports,16,0,0,null
1603711099828,8,UC5 show stock report,200,HTTP/1.1 200,UC5 1-1,true,,384,0,1,5,http://swa-kovacs-vm1.cs.univie.ac.at/apigate/stores/200/stock-item-reports,8,0,0,null
1603711099829,11,UC7 change price,200,HTTP/1.1 200,UC7 2-1,true,,127,0,1,5,http://swa-kovacs-vm1.cs.univie.ac.at/apigate/stores/200/stockitems/300,11,0,0,null
1603711099863,8,UC3 order products,201,HTTP/1.1 201,UC3 3-1,true,,242,0,1,5,http://swa-kovacs-vm1.cs.univie.ac.at/apigate/stores/201/orders,8,0,0,null
1603711099931,18,UC4 receive order,200,HTTP/1.1 200,UC4 4-1,true,,127,0,1,5,http://swa-kovacs-vm1.cs.univie.ac.at/apigate/stores/201/orders/113,18,0,0,null
1603711099956,14,UC6 delivery reports,200,HTTP/1.1 200,UC6 5-1,true,,342,0,1,5,http://swa-kovacs-vm1.cs.univie.ac.at/apigate/enterprises/901/delivery-reports,14,0,0,null
1603711100136,8,UC5 show stock report,200,HTTP/1.1 200,UC5 1-1,true,,384,0,1,5,http://swa-kovacs-vm1.cs.univie.ac.at/apigate/stores/200/stock-item-reports,8,0,0,null
1603711100141,6,UC7 change price,200,HTTP/1.1 200,UC7 2-1,true,,127,0,1,5,http://swa-kovacs-vm1.cs.univie.ac.at/apigate/stores/200/stockitems/300,6,0,0,null
1603711100172,10,UC3 order products,201,HTTP/1.1 201,UC3 3-1,true,,242,0,1,5,http://swa-kovacs-vm1.cs.univie.ac.at/apigate/stores/201/orders,10,0,0,null
1603711100249,18,UC4 receive order,200,HTTP/1.1 200,UC4 4-1,true,,127,0,1,5,http://swa-kovacs-vm1.cs.univie.ac.at/apigate/stores/201/orders/113,18,0,0,null
1603711100271,16,UC6 delivery reports,200,HTTP/1.1 200,UC6 5-1,true,,342,0,1,5,http://swa-kovacs-vm1.cs.univie.ac.at/apigate/enterprises/901/delivery-reports,15,0,0,null
1603711100445,7,UC5 show stock report,200,HTTP/1.1 200,UC5 1-1,true,,384,0,1,5,http://swa-kovacs-vm1.cs.univie.ac.at/apigate/stores/200/stock-item-reports,7,0,0,null
1603711100448,5,UC7 change price,200,HTTP/1.1 200,UC7 2-1,true,,127,0,1,5,http://swa-kovacs-vm1.cs.univie.ac.at/apigate/stores/200/stockitems/300,5,0,0,null
1603711100483,10,UC3 order products,201,HTTP/1.1 201,UC3 3-1,true,,242,0,1,5,http://swa-kovacs-vm1.cs.univie.ac.at/apigate/stores/201/orders,10,0,0,null
1603711100567,18,UC4 receive order,200,HTTP/1.1 200,UC4 4-1,true,,127,0,1,5,http://swa-kovacs-vm1.cs.univie.ac.at/apigate/stores/201/orders/113,18,0,0,null
1603711100587,18,UC6 delivery reports,200,HTTP/1.1 200,UC6 5-1,true,,342,0,1,5,http://swa-kovacs-vm1.cs.univie.ac.at/apigate/enterprises/901/delivery-reports,18,0,0,null
1603711100754,5,UC7 change price,200,HTTP/1.1 200,UC7 2-1,true,,127,0,1,5,http://swa-kovacs-vm1.cs.univie.ac.at/apigate/stores/200/stockitems/300,5,0,0,null
1603711100753,7,UC5 show stock report,200,HTTP/1.1 200,UC5 1-1,true,,384,0,1,5,http://swa-kovacs-vm1.cs.univie.ac.at/apigate/stores/200/stock-item-reports,7,0,0,null
1603711100793,10,UC3 order products,201,HTTP/1.1 201,UC3 3-1,true,,242,0,1,5,http://swa-kovacs-vm1.cs.univie.ac.at/apigate/stores/201/orders,10,0,0,null
1603711100886,21,UC4 receive order,200,HTTP/1.1 200,UC4 4-1,true,,127,0,1,5,http://swa-kovacs-vm1.cs.univie.ac.at/apigate/stores/201/orders/113,21,0,0,null
1603711100905,15,UC6 delivery reports,200,HTTP/1.1 200,UC6 5-1,true,,342,0,1,5,http://swa-kovacs-vm1.cs.univie.ac.at/apigate/enterprises/901/delivery-reports,15,0,0,null
1603711101060,7,UC5 show stock report,200,HTTP/1.1 200,UC5 1-1,true,,384,0,1,5,http://swa-kovacs-vm1.cs.univie.ac.at/apigate/stores/200/stock-item-reports,6,0,0,null
1603711101060,15,UC7 change price,200,HTTP/1.1 200,UC7 2-1,true,,127,0,1,5,http://swa-kovacs-vm1.cs.univie.ac.at/apigate/stores/200/stockitems/300,15,0,0,null
1603711101104,8,UC3 order products,201,HTTP/1.1 201,UC3 3-1,true,,242,0,1,5,http://swa-kovacs-vm1.cs.univie.ac.at/apigate/stores/201/orders,8,0,0,null
1603711101208,17,UC4 receive order,200,HTTP/1.1 200,UC4 4-1,true,,127,0,1,5,http://swa-kovacs-vm1.cs.univie.ac.at/apigate/stores/201/orders/113,17,0,0,null
1603711101221,17,UC6 delivery reports,200,HTTP/1.1 200,UC6 5-1,true,,342,0,1,5,http://swa-kovacs-vm1.cs.univie.ac.at/apigate/enterprises/901/delivery-reports,17,0,0,null
1603711101367,7,UC5 show stock report,200,HTTP/1.1 200,UC5 1-1,true,,384,0,1,5,http://swa-kovacs-vm1.cs.univie.ac.at/apigate/stores/200/stock-item-reports,6,0,0,null
1603711101375,6,UC7 change price,200,HTTP/1.1 200,UC7 2-1,true,,127,0,1,5,http://swa-kovacs-vm1.cs.univie.ac.at/apigate/stores/200/stockitems/300,6,0,0,null
1603711101412,10,UC3 order products,201,HTTP/1.1 201,UC3 3-1,true,,242,0,1,5,http://swa-kovacs-vm1.cs.univie.ac.at/apigate/stores/201/orders,10,0,0,null
1603711101526,17,UC4 receive order,200,HTTP/1.1 200,UC4 4-1,true,,127,0,1,5,http://swa-kovacs-vm1.cs.univie.ac.at/apigate/stores/201/orders/113,17,0,0,null
1603711101538,15,UC6 delivery reports,200,HTTP/1.1 200,UC6 5-1,true,,342,0,1,5,http://swa-kovacs-vm1.cs.univie.ac.at/apigate/enterprises/901/delivery-reports,14,0,0,null
1603711101674,7,UC5 show stock report,200,HTTP/1.1 200,UC5 1-1,true,,384,0,1,5,http://swa-kovacs-vm1.cs.univie.ac.at/apigate/stores/200/stock-item-reports,7,0,0,null
1603711101681,6,UC7 change price,200,HTTP/1.1 200,UC7 2-1,true,,127,0,1,5,http://swa-kovacs-vm1.cs.univie.ac.at/apigate/stores/200/stockitems/300,6,0,0,null
1603711101723,7,UC3 order products,201,HTTP/1.1 201,UC3 3-1,true,,242,0,1,5,http://swa-kovacs-vm1.cs.univie.ac.at/apigate/stores/201/orders,7,0,0,null
1603711101844,18,UC4 receive order,200,HTTP/1.1 200,UC4 4-1,true,,127,0,1,5,http://swa-kovacs-vm1.cs.univie.ac.at/apigate/stores/201/orders/113,18,0,0,null
1603711101853,24,UC6 delivery reports,200,HTTP/1.1 200,UC6 5-1,true,,342,0,1,5,http://swa-kovacs-vm1.cs.univie.ac.at/apigate/enterprises/901/delivery-reports,24,0,0,null
1603711101982,7,UC5 show stock report,200,HTTP/1.1 200,UC5 1-1,true,,384,0,1,5,http://swa-kovacs-vm1.cs.univie.ac.at/apigate/stores/200/stock-item-reports,6,0,0,null
1603711101987,6,UC7 change price,200,HTTP/1.1 200,UC7 2-1,true,,127,0,1,5,http://swa-kovacs-vm1.cs.univie.ac.at/apigate/stores/200/stockitems/300,6,0,0,null
1603711102031,10,UC3 order products,201,HTTP/1.1 201,UC3 3-1,true,,242,0,1,5,http://swa-kovacs-vm1.cs.univie.ac.at/apigate/stores/201/orders,10,0,0,null
1603711102162,16,UC4 receive order,200,HTTP/1.1 200,UC4 4-1,true,,127,0,1,5,http://swa-kovacs-vm1.cs.univie.ac.at/apigate/stores/201/orders/113,16,0,0,null
1603711102178,16,UC6 delivery reports,200,HTTP/1.1 200,UC6 5-1,true,,342,0,1,5,http://swa-kovacs-vm1.cs.univie.ac.at/apigate/enterprises/901/delivery-reports,16,0,0,null
1603711102290,7,UC5 show stock report,200,HTTP/1.1 200,UC5 1-1,true,,384,0,1,5,http://swa-kovacs-vm1.cs.univie.ac.at/apigate/stores/200/stock-item-reports,6,0,0,null
1603711102293,6,UC7 change price,200,HTTP/1.1 200,UC7 2-1,true,,127,0,1,5,http://swa-kovacs-vm1.cs.univie.ac.at/apigate/stores/200/stockitems/300,6,0,0,null
1603711102341,12,UC3 order products,201,HTTP/1.1 201,UC3 3-1,true,,242,0,1,5,http://swa-kovacs-vm1.cs.univie.ac.at/apigate/stores/201/orders,12,0,0,null
1603711102479,24,UC4 receive order,200,HTTP/1.1 200,UC4 4-1,true,,127,0,1,5,http://swa-kovacs-vm1.cs.univie.ac.at/apigate/stores/201/orders/113,24,0,0,null
1603711102494,18,UC6 delivery reports,200,HTTP/1.1 200,UC6 5-1,true,,342,0,1,5,http://swa-kovacs-vm1.cs.univie.ac.at/apigate/enterprises/901/delivery-reports,18,0,0,null
1603711102597,9,UC5 show stock report,200,HTTP/1.1 200,UC5 1-1,true,,384,0,1,5,http://swa-kovacs-vm1.cs.univie.ac.at/apigate/stores/200/stock-item-reports,9,0,0,null
1603711102599,7,UC7 change price,200,HTTP/1.1 200,UC7 2-1,true,,127,0,1,5,http://swa-kovacs-vm1.cs.univie.ac.at/apigate/stores/200/stockitems/300,7,0,0,null
1603711102653,9,UC3 order products,201,HTTP/1.1 201,UC3 3-1,true,,242,0,1,5,http://swa-kovacs-vm1.cs.univie.ac.at/apigate/stores/201/orders,9,0,0,null
1603711102803,19,UC4 receive order,200,HTTP/1.1 200,UC4 4-1,true,,127,0,1,5,http://swa-kovacs-vm1.cs.univie.ac.at/apigate/stores/201/orders/113,19,0,0,null
1603711102812,18,UC6 delivery reports,200,HTTP/1.1 200,UC6 5-1,true,,342,0,1,5,http://swa-kovacs-vm1.cs.univie.ac.at/apigate/enterprises/901/delivery-reports,18,0,0,null
1603711102906,8,UC5 show stock report,200,HTTP/1.1 200,UC5 1-1,true,,384,0,1,5,http://swa-kovacs-vm1.cs.univie.ac.at/apigate/stores/200/stock-item-reports,8,0,0,null
1603711102907,8,UC7 change price,200,HTTP/1.1 200,UC7 2-1,true,,127,0,1,5,http://swa-kovacs-vm1.cs.univie.ac.at/apigate/stores/200/stockitems/300,8,0,0,null
1603711102963,11,UC3 order products,201,HTTP/1.1 201,UC3 3-1,true,,242,0,1,5,http://swa-kovacs-vm1.cs.univie.ac.at/apigate/stores/201/orders,11,0,0,null
1603711103123,18,UC4 receive order,200,HTTP/1.1 200,UC4 4-1,true,,127,0,1,5,http://swa-kovacs-vm1.cs.univie.ac.at/apigate/stores/201/orders/113,18,0,0,null
1603711103131,18,UC6 delivery reports,200,HTTP/1.1 200,UC6 5-1,true,,342,0,1,5,http://swa-kovacs-vm1.cs.univie.ac.at/apigate/enterprises/901/delivery-reports,17,0,0,null
1603711103215,6,UC7 change price,200,HTTP/1.1 200,UC7 2-1,true,,127,0,1,5,http://swa-kovacs-vm1.cs.univie.ac.at/apigate/stores/200/stockitems/300,6,0,0,null
1603711103214,8,UC5 show stock report,200,HTTP/1.1 200,UC5 1-1,true,,384,0,1,5,http://swa-kovacs-vm1.cs.univie.ac.at/apigate/stores/200/stock-item-reports,8,0,0,null
1603711103274,11,UC3 order products,201,HTTP/1.1 201,UC3 3-1,true,,242,0,1,5,http://swa-kovacs-vm1.cs.univie.ac.at/apigate/stores/201/orders,11,0,0,null
1603711103442,16,UC4 receive order,200,HTTP/1.1 200,UC4 4-1,true,,127,0,1,5,http://swa-kovacs-vm1.cs.univie.ac.at/apigate/stores/201/orders/113,16,0,0,null
1603711103449,20,UC6 delivery reports,200,HTTP/1.1 200,UC6 5-1,true,,342,0,1,5,http://swa-kovacs-vm1.cs.univie.ac.at/apigate/enterprises/901/delivery-reports,20,0,0,null
1603711103522,7,UC5 show stock report,200,HTTP/1.1 200,UC5 1-1,true,,384,0,1,5,http://swa-kovacs-vm1.cs.univie.ac.at/apigate/stores/200/stock-item-reports,7,0,0,null
1603711103522,8,UC7 change price,200,HTTP/1.1 200,UC7 2-1,true,,127,0,1,5,http://swa-kovacs-vm1.cs.univie.ac.at/apigate/stores/200/stockitems/300,8,0,0,null
1603711103585,10,UC3 order products,201,HTTP/1.1 201,UC3 3-1,true,,242,0,1,5,http://swa-kovacs-vm1.cs.univie.ac.at/apigate/stores/201/orders,10,0,0,null
1603711103758,17,UC4 receive order,200,HTTP/1.1 200,UC4 4-1,true,,127,0,1,5,http://swa-kovacs-vm1.cs.univie.ac.at/apigate/stores/201/orders/113,17,0,0,null
1603711103769,18,UC6 delivery reports,200,HTTP/1.1 200,UC6 5-1,true,,342,0,1,5,http://swa-kovacs-vm1.cs.univie.ac.at/apigate/enterprises/901/delivery-reports,18,0,0,null
1603711103830,7,UC5 show stock report,200,HTTP/1.1 200,UC5 1-1,true,,384,0,1,5,http://swa-kovacs-vm1.cs.univie.ac.at/apigate/stores/200/stock-item-reports,7,0,0,null
1603711103831,7,UC7 change price,200,HTTP/1.1 200,UC7 2-1,true,,127,0,1,5,http://swa-kovacs-vm1.cs.univie.ac.at/apigate/stores/200/stockitems/300,7,0,0,null
1603711103895,10,UC3 order products,201,HTTP/1.1 201,UC3 3-1,true,,242,0,1,5,http://swa-kovacs-vm1.cs.univie.ac.at/apigate/stores/201/orders,10,0,0,null
1603711104076,24,UC4 receive order,200,HTTP/1.1 200,UC4 4-1,true,,127,0,1,5,http://swa-kovacs-vm1.cs.univie.ac.at/apigate/stores/201/orders/113,24,0,0,null
1603711104087,18,UC6 delivery reports,200,HTTP/1.1 200,UC6 5-1,true,,342,0,1,5,http://swa-kovacs-vm1.cs.univie.ac.at/apigate/enterprises/901/delivery-reports,18,0,0,null
1603711104139,6,UC7 change price,200,HTTP/1.1 200,UC7 2-1,true,,127,0,1,5,http://swa-kovacs-vm1.cs.univie.ac.at/apigate/stores/200/stockitems/300,6,0,0,null
1603711104137,9,UC5 show stock report,200,HTTP/1.1 200,UC5 1-1,true,,384,0,1,5,http://swa-kovacs-vm1.cs.univie.ac.at/apigate/stores/200/stock-item-reports,9,0,0,null
1603711104206,8,UC3 order products,201,HTTP/1.1 201,UC3 3-1,true,,242,0,1,5,http://swa-kovacs-vm1.cs.univie.ac.at/apigate/stores/201/orders,8,0,0,null
1603711104400,16,UC4 receive order,200,HTTP/1.1 200,UC4 4-1,true,,127,0,1,5,http://swa-kovacs-vm1.cs.univie.ac.at/apigate/stores/201/orders/113,16,0,0,null
1603711104406,15,UC6 delivery reports,200,HTTP/1.1 200,UC6 5-1,true,,342,0,1,5,http://swa-kovacs-vm1.cs.univie.ac.at/apigate/enterprises/901/delivery-reports,15,0,0,null
1603711104447,5,UC5 show stock report,200,HTTP/1.1 200,UC5 1-1,true,,384,0,1,5,http://swa-kovacs-vm1.cs.univie.ac.at/apigate/stores/200/stock-item-reports,5,0,0,null
1603711104445,8,UC7 change price,200,HTTP/1.1 200,UC7 2-1,true,,127,0,1,5,http://swa-kovacs-vm1.cs.univie.ac.at/apigate/stores/200/stockitems/300,8,0,0,null
1603711104515,9,UC3 order products,201,HTTP/1.1 201,UC3 3-1,true,,242,0,1,5,http://swa-kovacs-vm1.cs.univie.ac.at/apigate/stores/201/orders,9,0,0,null
1603711104716,17,UC4 receive order,200,HTTP/1.1 200,UC4 4-1,true,,127,0,1,5,http://swa-kovacs-vm1.cs.univie.ac.at/apigate/stores/201/orders/113,17,0,0,null
1603711104721,14,UC6 delivery reports,200,HTTP/1.1 200,UC6 5-1,true,,342,0,1,5,http://swa-kovacs-vm1.cs.univie.ac.at/apigate/enterprises/901/delivery-reports,14,0,0,null
1603711104753,6,UC5 show stock report,200,HTTP/1.1 200,UC5 1-1,true,,384,0,1,5,http://swa-kovacs-vm1.cs.univie.ac.at/apigate/stores/200/stock-item-reports,6,0,0,null
1603711104753,7,UC7 change price,200,HTTP/1.1 200,UC7 2-1,true,,127,0,1,5,http://swa-kovacs-vm1.cs.univie.ac.at/apigate/stores/200/stockitems/300,7,0,0,null
1603711104825,9,UC3 order products,201,HTTP/1.1 201,UC3 3-1,true,,242,0,1,5,http://swa-kovacs-vm1.cs.univie.ac.at/apigate/stores/201/orders,9,0,0,null
1603711105035,17,UC6 delivery reports,200,HTTP/1.1 200,UC6 5-1,true,,342,0,1,5,http://swa-kovacs-vm1.cs.univie.ac.at/apigate/enterprises/901/delivery-reports,17,0,0,null
1603711105034,19,UC4 receive order,200,HTTP/1.1 200,UC4 4-1,true,,127,0,1,5,http://swa-kovacs-vm1.cs.univie.ac.at/apigate/stores/201/orders/113,19,0,0,null
1603711105060,6,UC5 show stock report,200,HTTP/1.1 200,UC5 1-1,true,,384,0,1,5,http://swa-kovacs-vm1.cs.univie.ac.at/apigate/stores/200/stock-item-reports,5,0,0,null
1603711105061,5,UC7 change price,200,HTTP/1.1 200,UC7 2-1,true,,127,0,1,5,http://swa-kovacs-vm1.cs.univie.ac.at/apigate/stores/200/stockitems/300,5,0,0,null
1603711105135,10,UC3 order products,201,HTTP/1.1 201,UC3 3-1,true,,242,0,1,5,http://swa-kovacs-vm1.cs.univie.ac.at/apigate/stores/201/orders,10,0,0,null
1603711105353,24,UC6 delivery reports,200,HTTP/1.1 200,UC6 5-1,true,,342,0,1,5,http://swa-kovacs-vm1.cs.univie.ac.at/apigate/enterprises/901/delivery-reports,24,0,0,null
1603711105354,26,UC4 receive order,200,HTTP/1.1 200,UC4 4-1,true,,127,0,1,5,http://swa-kovacs-vm1.cs.univie.ac.at/apigate/stores/201/orders/113,26,0,0,null
1603711105367,14,UC7 change price,200,HTTP/1.1 200,UC7 2-1,true,,127,0,1,5,http://swa-kovacs-vm1.cs.univie.ac.at/apigate/stores/200/stockitems/300,14,0,0,null
1603711105366,16,UC5 show stock report,200,HTTP/1.1 200,UC5 1-1,true,,384,0,1,5,http://swa-kovacs-vm1.cs.univie.ac.at/apigate/stores/200/stock-item-reports,15,0,0,null
1603711105445,12,UC3 order products,201,HTTP/1.1 201,UC3 3-1,true,,242,0,1,5,http://swa-kovacs-vm1.cs.univie.ac.at/apigate/stores/201/orders,12,0,0,null
1603711105682,6,UC5 show stock report,200,HTTP/1.1 200,UC5 1-1,true,,384,0,1,5,http://swa-kovacs-vm1.cs.univie.ac.at/apigate/stores/200/stock-item-reports,6,0,0,null
1603711105681,8,UC7 change price,200,HTTP/1.1 200,UC7 2-1,true,,127,0,1,5,http://swa-kovacs-vm1.cs.univie.ac.at/apigate/stores/200/stockitems/300,8,0,0,null
1603711105677,15,UC6 delivery reports,200,HTTP/1.1 200,UC6 5-1,true,,342,0,1,5,http://swa-kovacs-vm1.cs.univie.ac.at/apigate/enterprises/901/delivery-reports,15,0,0,null
1603711105680,19,UC4 receive order,200,HTTP/1.1 200,UC4 4-1,true,,127,0,1,5,http://swa-kovacs-vm1.cs.univie.ac.at/apigate/stores/201/orders/113,19,0,0,null
1603711105757,10,UC3 order products,201,HTTP/1.1 201,UC3 3-1,true,,242,0,1,5,http://swa-kovacs-vm1.cs.univie.ac.at/apigate/stores/201/orders,10,0,0,null
1603711105989,7,UC5 show stock report,200,HTTP/1.1 200,UC5 1-1,true,,384,0,1,5,http://swa-kovacs-vm1.cs.univie.ac.at/apigate/stores/200/stock-item-reports,7,0,0,null
1603711105989,8,UC7 change price,200,HTTP/1.1 200,UC7 2-1,true,,127,0,1,5,http://swa-kovacs-vm1.cs.univie.ac.at/apigate/stores/200/stockitems/300,8,0,0,null
1603711105993,18,UC6 delivery reports,200,HTTP/1.1 200,UC6 5-1,true,,342,0,1,5,http://swa-kovacs-vm1.cs.univie.ac.at/apigate/enterprises/901/delivery-reports,18,0,0,null
1603711105999,15,UC4 receive order,200,HTTP/1.1 200,UC4 4-1,true,,127,0,1,5,http://swa-kovacs-vm1.cs.univie.ac.at/apigate/stores/201/orders/113,15,0,0,null
1603711106068,8,UC3 order products,201,HTTP/1.1 201,UC3 3-1,true,,242,0,1,5,http://swa-kovacs-vm1.cs.univie.ac.at/apigate/stores/201/orders,8,0,0,null
1603711106296,7,UC5 show stock report,200,HTTP/1.1 200,UC5 1-1,true,,384,0,1,5,http://swa-kovacs-vm1.cs.univie.ac.at/apigate/stores/200/stock-item-reports,7,0,0,null
1603711106297,7,UC7 change price,200,HTTP/1.1 200,UC7 2-1,true,,127,0,1,5,http://swa-kovacs-vm1.cs.univie.ac.at/apigate/stores/200/stockitems/300,7,0,0,null
1603711106312,17,UC6 delivery reports,200,HTTP/1.1 200,UC6 5-1,true,,342,0,1,5,http://swa-kovacs-vm1.cs.univie.ac.at/apigate/enterprises/901/delivery-reports,17,0,0,null
1603711106315,20,UC4 receive order,200,HTTP/1.1 200,UC4 4-1,true,,127,0,1,5,http://swa-kovacs-vm1.cs.univie.ac.at/apigate/stores/201/orders/113,20,0,0,null
1603711106377,10,UC3 order products,201,HTTP/1.1 201,UC3 3-1,true,,242,0,1,5,http://swa-kovacs-vm1.cs.univie.ac.at/apigate/stores/201/orders,10,0,0,null
1603711106604,8,UC5 show stock report,200,HTTP/1.1 200,UC5 1-1,true,,384,0,1,5,http://swa-kovacs-vm1.cs.univie.ac.at/apigate/stores/200/stock-item-reports,8,0,0,null
1603711106604,9,UC7 change price,200,HTTP/1.1 200,UC7 2-1,true,,127,0,1,5,http://swa-kovacs-vm1.cs.univie.ac.at/apigate/stores/200/stockitems/300,9,0,0,null
1603711106635,15,UC4 receive order,200,HTTP/1.1 200,UC4 4-1,true,,127,0,1,5,http://swa-kovacs-vm1.cs.univie.ac.at/apigate/stores/201/orders/113,15,0,0,null
1603711106630,21,UC6 delivery reports,200,HTTP/1.1 200,UC6 5-1,true,,342,0,1,5,http://swa-kovacs-vm1.cs.univie.ac.at/apigate/enterprises/901/delivery-reports,21,0,0,null
1603711106688,9,UC3 order products,201,HTTP/1.1 201,UC3 3-1,true,,242,0,1,5,http://swa-kovacs-vm1.cs.univie.ac.at/apigate/stores/201/orders,9,0,0,null
1603711106913,7,UC5 show stock report,200,HTTP/1.1 200,UC5 1-1,true,,384,0,1,5,http://swa-kovacs-vm1.cs.univie.ac.at/apigate/stores/200/stock-item-reports,7,0,0,null
1603711106914,6,UC7 change price,200,HTTP/1.1 200,UC7 2-1,true,,127,0,1,5,http://swa-kovacs-vm1.cs.univie.ac.at/apigate/stores/200/stockitems/300,6,0,0,null
1603711106952,15,UC6 delivery reports,200,HTTP/1.1 200,UC6 5-1,true,,342,0,1,5,http://swa-kovacs-vm1.cs.univie.ac.at/apigate/enterprises/901/delivery-reports,15,0,0,null
1603711106951,16,UC4 receive order,200,HTTP/1.1 200,UC4 4-1,true,,127,0,1,5,http://swa-kovacs-vm1.cs.univie.ac.at/apigate/stores/201/orders/113,16,0,0,null
1603711106997,10,UC3 order products,201,HTTP/1.1 201,UC3 3-1,true,,242,0,1,5,http://swa-kovacs-vm1.cs.univie.ac.at/apigate/stores/201/orders,10,0,0,null
1603711107220,8,UC5 show stock report,200,HTTP/1.1 200,UC5 1-1,true,,384,0,1,5,http://swa-kovacs-vm1.cs.univie.ac.at/apigate/stores/200/stock-item-reports,8,0,0,null
1603711107221,8,UC7 change price,200,HTTP/1.1 200,UC7 2-1,true,,127,0,1,5,http://swa-kovacs-vm1.cs.univie.ac.at/apigate/stores/200/stockitems/300,8,0,0,null
1603711107268,15,UC4 receive order,200,HTTP/1.1 200,UC4 4-1,true,,127,0,1,5,http://swa-kovacs-vm1.cs.univie.ac.at/apigate/stores/201/orders/113,15,0,0,null
1603711107267,17,UC6 delivery reports,200,HTTP/1.1 200,UC6 5-1,true,,342,0,1,5,http://swa-kovacs-vm1.cs.univie.ac.at/apigate/enterprises/901/delivery-reports,17,0,0,null
1603711107307,10,UC3 order products,201,HTTP/1.1 201,UC3 3-1,true,,242,0,1,5,http://swa-kovacs-vm1.cs.univie.ac.at/apigate/stores/201/orders,9,0,0,null
1603711107528,9,UC5 show stock report,200,HTTP/1.1 200,UC5 1-1,true,,384,0,1,5,http://swa-kovacs-vm1.cs.univie.ac.at/apigate/stores/200/stock-item-reports,8,0,0,null
1603711107529,9,UC7 change price,200,HTTP/1.1 200,UC7 2-1,true,,127,0,1,5,http://swa-kovacs-vm1.cs.univie.ac.at/apigate/stores/200/stockitems/300,9,0,0,null
1603711107583,17,UC4 receive order,200,HTTP/1.1 200,UC4 4-1,true,,127,0,1,5,http://swa-kovacs-vm1.cs.univie.ac.at/apigate/stores/201/orders/113,17,0,0,null
1603711107584,20,UC6 delivery reports,200,HTTP/1.1 200,UC6 5-1,true,,342,0,1,5,http://swa-kovacs-vm1.cs.univie.ac.at/apigate/enterprises/901/delivery-reports,19,0,0,null
1603711107617,8,UC3 order products,201,HTTP/1.1 201,UC3 3-1,true,,242,0,1,5,http://swa-kovacs-vm1.cs.univie.ac.at/apigate/stores/201/orders,8,0,0,null
1603711107837,7,UC5 show stock report,200,HTTP/1.1 200,UC5 1-1,true,,384,0,1,5,http://swa-kovacs-vm1.cs.univie.ac.at/apigate/stores/200/stock-item-reports,7,0,0,null
1603711107838,7,UC7 change price,200,HTTP/1.1 200,UC7 2-1,true,,127,0,1,5,http://swa-kovacs-vm1.cs.univie.ac.at/apigate/stores/200/stockitems/300,7,0,0,null
1603711107901,16,UC4 receive order,200,HTTP/1.1 200,UC4 4-1,true,,127,0,1,5,http://swa-kovacs-vm1.cs.univie.ac.at/apigate/stores/201/orders/113,16,0,0,null
1603711107904,26,UC6 delivery reports,200,HTTP/1.1 200,UC6 5-1,true,,342,0,1,5,http://swa-kovacs-vm1.cs.univie.ac.at/apigate/enterprises/901/delivery-reports,26,0,0,null
1603711107925,7,UC3 order products,201,HTTP/1.1 201,UC3 3-1,true,,242,0,1,5,http://swa-kovacs-vm1.cs.univie.ac.at/apigate/stores/201/orders,7,0,0,null
1603711108145,8,UC7 change price,200,HTTP/1.1 200,UC7 2-1,true,,127,0,1,5,http://swa-kovacs-vm1.cs.univie.ac.at/apigate/stores/200/stockitems/300,8,0,0,null
1603711108145,10,UC5 show stock report,200,HTTP/1.1 200,UC5 1-1,true,,384,0,1,5,http://swa-kovacs-vm1.cs.univie.ac.at/apigate/stores/200/stock-item-reports,10,0,0,null
1603711108217,16,UC4 receive order,200,HTTP/1.1 200,UC4 4-1,true,,127,0,1,5,http://swa-kovacs-vm1.cs.univie.ac.at/apigate/stores/201/orders/113,16,0,0,null
1603711108233,7,UC3 order products,201,HTTP/1.1 201,UC3 3-1,true,,242,0,1,5,http://swa-kovacs-vm1.cs.univie.ac.at/apigate/stores/201/orders,7,0,0,null
1603711108230,16,UC6 delivery reports,200,HTTP/1.1 200,UC6 5-1,true,,342,0,1,5,http://swa-kovacs-vm1.cs.univie.ac.at/apigate/enterprises/901/delivery-reports,16,0,0,null
1603711108454,8,UC7 change price,200,HTTP/1.1 200,UC7 2-1,true,,127,0,1,5,http://swa-kovacs-vm1.cs.univie.ac.at/apigate/stores/200/stockitems/300,8,0,0,null
1603711108456,8,UC5 show stock report,200,HTTP/1.1 200,UC5 1-1,true,,384,0,1,5,http://swa-kovacs-vm1.cs.univie.ac.at/apigate/stores/200/stock-item-reports,7,0,0,null
1603711108541,8,UC3 order products,201,HTTP/1.1 201,UC3 3-1,true,,242,0,1,5,http://swa-kovacs-vm1.cs.univie.ac.at/apigate/stores/201/orders,7,0,0,null
1603711108533,18,UC4 receive order,200,HTTP/1.1 200,UC4 4-1,true,,127,0,1,5,http://swa-kovacs-vm1.cs.univie.ac.at/apigate/stores/201/orders/113,18,0,0,null
1603711108547,17,UC6 delivery reports,200,HTTP/1.1 200,UC6 5-1,true,,342,0,1,5,http://swa-kovacs-vm1.cs.univie.ac.at/apigate/enterprises/901/delivery-reports,16,0,0,null
1603711108763,7,UC7 change price,200,HTTP/1.1 200,UC7 2-1,true,,127,0,1,5,http://swa-kovacs-vm1.cs.univie.ac.at/apigate/stores/200/stockitems/300,7,0,0,null
1603711108764,8,UC5 show stock report,200,HTTP/1.1 200,UC5 1-1,true,,384,0,1,5,http://swa-kovacs-vm1.cs.univie.ac.at/apigate/stores/200/stock-item-reports,8,0,0,null
1603711108852,9,UC3 order products,201,HTTP/1.1 201,UC3 3-1,true,,242,0,1,5,http://swa-kovacs-vm1.cs.univie.ac.at/apigate/stores/201/orders,9,0,0,null
1603711108851,17,UC4 receive order,200,HTTP/1.1 200,UC4 4-1,true,,127,0,1,5,http://swa-kovacs-vm1.cs.univie.ac.at/apigate/stores/201/orders/113,17,0,0,null
1603711108864,14,UC6 delivery reports,200,HTTP/1.1 200,UC6 5-1,true,,342,0,1,5,http://swa-kovacs-vm1.cs.univie.ac.at/apigate/enterprises/901/delivery-reports,14,0,0,null
1603711109072,7,UC5 show stock report,200,HTTP/1.1 200,UC5 1-1,true,,384,0,1,5,http://swa-kovacs-vm1.cs.univie.ac.at/apigate/stores/200/stock-item-reports,7,0,0,null
1603711109071,13,UC7 change price,200,HTTP/1.1 200,UC7 2-1,true,,127,0,1,5,http://swa-kovacs-vm1.cs.univie.ac.at/apigate/stores/200/stockitems/300,13,0,0,null
1603711109161,12,UC3 order products,201,HTTP/1.1 201,UC3 3-1,true,,242,0,1,5,http://swa-kovacs-vm1.cs.univie.ac.at/apigate/stores/201/orders,12,0,0,null
1603711109168,20,UC4 receive order,200,HTTP/1.1 200,UC4 4-1,true,,127,0,1,5,http://swa-kovacs-vm1.cs.univie.ac.at/apigate/stores/201/orders/113,20,0,0,null
1603711109178,16,UC6 delivery reports,200,HTTP/1.1 200,UC6 5-1,true,,342,0,1,5,http://swa-kovacs-vm1.cs.univie.ac.at/apigate/enterprises/901/delivery-reports,16,0,0,null
1603711109380,7,UC5 show stock report,200,HTTP/1.1 200,UC5 1-1,true,,384,0,1,5,http://swa-kovacs-vm1.cs.univie.ac.at/apigate/stores/200/stock-item-reports,7,0,0,null
1603711109384,6,UC7 change price,200,HTTP/1.1 200,UC7 2-1,true,,127,0,1,5,http://swa-kovacs-vm1.cs.univie.ac.at/apigate/stores/200/stockitems/300,6,0,0,null
1603711109474,9,UC3 order products,201,HTTP/1.1 201,UC3 3-1,true,,242,0,1,5,http://swa-kovacs-vm1.cs.univie.ac.at/apigate/stores/201/orders,9,0,0,null
1603711109488,15,UC4 receive order,200,HTTP/1.1 200,UC4 4-1,true,,127,0,1,5,http://swa-kovacs-vm1.cs.univie.ac.at/apigate/stores/201/orders/113,15,0,0,null
1603711109494,17,UC6 delivery reports,200,HTTP/1.1 200,UC6 5-1,true,,342,0,1,5,http://swa-kovacs-vm1.cs.univie.ac.at/apigate/enterprises/901/delivery-reports,17,0,0,null
1603711109688,7,UC5 show stock report,200,HTTP/1.1 200,UC5 1-1,true,,384,0,1,5,http://swa-kovacs-vm1.cs.univie.ac.at/apigate/stores/200/stock-item-reports,7,0,0,null
1603711109690,6,UC7 change price,200,HTTP/1.1 200,UC7 2-1,true,,127,0,1,5,http://swa-kovacs-vm1.cs.univie.ac.at/apigate/stores/200/stockitems/300,6,0,0,null
1603711109784,11,UC3 order products,201,HTTP/1.1 201,UC3 3-1,true,,242,0,1,5,http://swa-kovacs-vm1.cs.univie.ac.at/apigate/stores/201/orders,11,0,0,null
1603711109803,14,UC4 receive order,200,HTTP/1.1 200,UC4 4-1,true,,127,0,1,5,http://swa-kovacs-vm1.cs.univie.ac.at/apigate/stores/201/orders/113,14,0,0,null
1603711109812,15,UC6 delivery reports,200,HTTP/1.1 200,UC6 5-1,true,,342,0,1,5,http://swa-kovacs-vm1.cs.univie.ac.at/apigate/enterprises/901/delivery-reports,15,0,0,null
1603711109996,7,UC7 change price,200,HTTP/1.1 200,UC7 2-1,true,,127,0,1,5,http://swa-kovacs-vm1.cs.univie.ac.at/apigate/stores/200/stockitems/300,7,0,0,null
1603711109995,10,UC5 show stock report,200,HTTP/1.1 200,UC5 1-1,true,,384,0,1,5,http://swa-kovacs-vm1.cs.univie.ac.at/apigate/stores/200/stock-item-reports,9,0,0,null
1603711110094,10,UC3 order products,201,HTTP/1.1 201,UC3 3-1,true,,242,0,1,5,http://swa-kovacs-vm1.cs.univie.ac.at/apigate/stores/201/orders,10,0,0,null
1603711110117,18,UC4 receive order,200,HTTP/1.1 200,UC4 4-1,true,,127,0,1,5,http://swa-kovacs-vm1.cs.univie.ac.at/apigate/stores/201/orders/113,18,0,0,null
1603711110127,22,UC6 delivery reports,200,HTTP/1.1 200,UC6 5-1,true,,342,0,1,5,http://swa-kovacs-vm1.cs.univie.ac.at/apigate/enterprises/901/delivery-reports,21,0,0,null
1603711110304,7,UC5 show stock report,200,HTTP/1.1 200,UC5 1-1,true,,384,0,1,5,http://swa-kovacs-vm1.cs.univie.ac.at/apigate/stores/200/stock-item-reports,7,0,0,null
1603711110304,8,UC7 change price,200,HTTP/1.1 200,UC7 2-1,true,,127,0,1,5,http://swa-kovacs-vm1.cs.univie.ac.at/apigate/stores/200/stockitems/300,8,0,0,null
1603711110405,9,UC3 order products,201,HTTP/1.1 201,UC3 3-1,true,,242,0,1,5,http://swa-kovacs-vm1.cs.univie.ac.at/apigate/stores/201/orders,9,0,0,null
1603711110435,16,UC4 receive order,200,HTTP/1.1 200,UC4 4-1,true,,127,0,1,5,http://swa-kovacs-vm1.cs.univie.ac.at/apigate/stores/201/orders/113,16,0,0,null
1603711110449,21,UC6 delivery reports,200,HTTP/1.1 200,UC6 5-1,true,,342,0,1,5,http://swa-kovacs-vm1.cs.univie.ac.at/apigate/enterprises/901/delivery-reports,21,0,0,null
1603711110611,8,UC5 show stock report,200,HTTP/1.1 200,UC5 1-1,true,,384,0,1,5,http://swa-kovacs-vm1.cs.univie.ac.at/apigate/stores/200/stock-item-reports,8,0,0,null
1603711110612,8,UC7 change price,200,HTTP/1.1 200,UC7 2-1,true,,127,0,1,5,http://swa-kovacs-vm1.cs.univie.ac.at/apigate/stores/200/stockitems/300,8,0,0,null
1603711110714,11,UC3 order products,201,HTTP/1.1 201,UC3 3-1,true,,242,0,1,5,http://swa-kovacs-vm1.cs.univie.ac.at/apigate/stores/201/orders,11,0,0,null
1603711110751,17,UC4 receive order,200,HTTP/1.1 200,UC4 4-1,true,,127,0,1,5,http://swa-kovacs-vm1.cs.univie.ac.at/apigate/stores/201/orders/113,17,0,0,null
1603711110771,16,UC6 delivery reports,200,HTTP/1.1 200,UC6 5-1,true,,342,0,1,5,http://swa-kovacs-vm1.cs.univie.ac.at/apigate/enterprises/901/delivery-reports,15,0,0,null
1603711110919,9,UC5 show stock report,200,HTTP/1.1 200,UC5 1-1,true,,384,0,1,5,http://swa-kovacs-vm1.cs.univie.ac.at/apigate/stores/200/stock-item-reports,9,0,0,null
1603711110920,8,UC7 change price,200,HTTP/1.1 200,UC7 2-1,true,,127,0,1,5,http://swa-kovacs-vm1.cs.univie.ac.at/apigate/stores/200/stockitems/300,8,0,0,null
1603711111026,11,UC3 order products,201,HTTP/1.1 201,UC3 3-1,true,,242,0,1,5,http://swa-kovacs-vm1.cs.univie.ac.at/apigate/stores/201/orders,11,0,0,null
1603711111068,16,UC4 receive order,200,HTTP/1.1 200,UC4 4-1,true,,127,0,1,5,http://swa-kovacs-vm1.cs.univie.ac.at/apigate/stores/201/orders/113,16,0,0,null
1603711111087,16,UC6 delivery reports,200,HTTP/1.1 200,UC6 5-1,true,,342,0,1,5,http://swa-kovacs-vm1.cs.univie.ac.at/apigate/enterprises/901/delivery-reports,15,0,0,null
1603711111229,7,UC7 change price,200,HTTP/1.1 200,UC7 2-1,true,,127,0,1,5,http://swa-kovacs-vm1.cs.univie.ac.at/apigate/stores/200/stockitems/300,7,0,0,null
1603711111228,9,UC5 show stock report,200,HTTP/1.1 200,UC5 1-1,true,,384,0,1,5,http://swa-kovacs-vm1.cs.univie.ac.at/apigate/stores/200/stock-item-reports,9,0,0,null
1603711111338,10,UC3 order products,201,HTTP/1.1 201,UC3 3-1,true,,242,0,1,5,http://swa-kovacs-vm1.cs.univie.ac.at/apigate/stores/201/orders,10,0,0,null
1603711111385,18,UC4 receive order,200,HTTP/1.1 200,UC4 4-1,true,,127,0,1,5,http://swa-kovacs-vm1.cs.univie.ac.at/apigate/stores/201/orders/113,18,0,0,null
1603711111403,17,UC6 delivery reports,200,HTTP/1.1 200,UC6 5-1,true,,342,0,1,5,http://swa-kovacs-vm1.cs.univie.ac.at/apigate/enterprises/901/delivery-reports,17,0,0,null
1603711111537,6,UC5 show stock report,200,HTTP/1.1 200,UC5 1-1,true,,384,0,1,5,http://swa-kovacs-vm1.cs.univie.ac.at/apigate/stores/200/stock-item-reports,6,0,0,null
1603711111536,8,UC7 change price,200,HTTP/1.1 200,UC7 2-1,true,,127,0,1,5,http://swa-kovacs-vm1.cs.univie.ac.at/apigate/stores/200/stockitems/300,8,0,0,null
1603711111648,12,UC3 order products,201,HTTP/1.1 201,UC3 3-1,true,,242,0,1,5,http://swa-kovacs-vm1.cs.univie.ac.at/apigate/stores/201/orders,11,0,0,null
1603711111703,19,UC4 receive order,200,HTTP/1.1 200,UC4 4-1,true,,127,0,1,5,http://swa-kovacs-vm1.cs.univie.ac.at/apigate/stores/201/orders/113,19,0,0,null
1603711111721,17,UC6 delivery reports,200,HTTP/1.1 200,UC6 5-1,true,,342,0,1,5,http://swa-kovacs-vm1.cs.univie.ac.at/apigate/enterprises/901/delivery-reports,16,0,0,null
1603711111844,7,UC7 change price,200,HTTP/1.1 200,UC7 2-1,true,,127,0,1,5,http://swa-kovacs-vm1.cs.univie.ac.at/apigate/stores/200/stockitems/300,7,0,0,null
1603711111844,8,UC5 show stock report,200,HTTP/1.1 200,UC5 1-1,true,,384,0,1,5,http://swa-kovacs-vm1.cs.univie.ac.at/apigate/stores/200/stock-item-reports,8,0,0,null
1603711111960,9,UC3 order products,201,HTTP/1.1 201,UC3 3-1,true,,242,0,1,5,http://swa-kovacs-vm1.cs.univie.ac.at/apigate/stores/201/orders,9,0,0,null
1603711112022,18,UC4 receive order,200,HTTP/1.1 200,UC4 4-1,true,,127,0,1,5,http://swa-kovacs-vm1.cs.univie.ac.at/apigate/stores/201/orders/113,18,0,0,null
1603711112038,17,UC6 delivery reports,200,HTTP/1.1 200,UC6 5-1,true,,342,0,1,5,http://swa-kovacs-vm1.cs.univie.ac.at/apigate/enterprises/901/delivery-reports,17,0,0,null
1603711112152,7,UC7 change price,200,HTTP/1.1 200,UC7 2-1,true,,127,0,1,5,http://swa-kovacs-vm1.cs.univie.ac.at/apigate/stores/200/stockitems/300,7,0,0,null
1603711112152,8,UC5 show stock report,200,HTTP/1.1 200,UC5 1-1,true,,384,0,1,5,http://swa-kovacs-vm1.cs.univie.ac.at/apigate/stores/200/stock-item-reports,8,0,0,null
1603711112269,10,UC3 order products,201,HTTP/1.1 201,UC3 3-1,true,,242,0,1,5,http://swa-kovacs-vm1.cs.univie.ac.at/apigate/stores/201/orders,10,0,0,null
1603711112341,18,UC4 receive order,200,HTTP/1.1 200,UC4 4-1,true,,127,0,1,5,http://swa-kovacs-vm1.cs.univie.ac.at/apigate/stores/201/orders/113,18,0,0,null
1603711112355,19,UC6 delivery reports,200,HTTP/1.1 200,UC6 5-1,true,,342,0,1,5,http://swa-kovacs-vm1.cs.univie.ac.at/apigate/enterprises/901/delivery-reports,18,0,0,null
1603711112461,6,UC5 show stock report,200,HTTP/1.1 200,UC5 1-1,true,,384,0,1,5,http://swa-kovacs-vm1.cs.univie.ac.at/apigate/stores/200/stock-item-reports,6,0,0,null
1603711112460,8,UC7 change price,200,HTTP/1.1 200,UC7 2-1,true,,127,0,1,5,http://swa-kovacs-vm1.cs.univie.ac.at/apigate/stores/200/stockitems/300,8,0,0,null
1603711112580,11,UC3 order products,201,HTTP/1.1 201,UC3 3-1,true,,242,0,1,5,http://swa-kovacs-vm1.cs.univie.ac.at/apigate/stores/201/orders,11,0,0,null
1603711112659,18,UC4 receive order,200,HTTP/1.1 200,UC4 4-1,true,,127,0,1,5,http://swa-kovacs-vm1.cs.univie.ac.at/apigate/stores/201/orders/113,18,0,0,null
1603711112674,16,UC6 delivery reports,200,HTTP/1.1 200,UC6 5-1,true,,342,0,1,5,http://swa-kovacs-vm1.cs.univie.ac.at/apigate/enterprises/901/delivery-reports,16,0,0,null
1603711112768,6,UC7 change price,200,HTTP/1.1 200,UC7 2-1,true,,127,0,1,5,http://swa-kovacs-vm1.cs.univie.ac.at/apigate/stores/200/stockitems/300,6,0,0,null
1603711112767,8,UC5 show stock report,200,HTTP/1.1 200,UC5 1-1,true,,384,0,1,5,http://swa-kovacs-vm1.cs.univie.ac.at/apigate/stores/200/stock-item-reports,8,0,0,null
1603711112892,10,UC3 order products,201,HTTP/1.1 201,UC3 3-1,true,,242,0,1,5,http://swa-kovacs-vm1.cs.univie.ac.at/apigate/stores/201/orders,10,0,0,null
1603711112977,17,UC4 receive order,200,HTTP/1.1 200,UC4 4-1,true,,127,0,1,5,http://swa-kovacs-vm1.cs.univie.ac.at/apigate/stores/201/orders/113,17,0,0,null
1603711112991,18,UC6 delivery reports,200,HTTP/1.1 200,UC6 5-1,true,,342,0,1,5,http://swa-kovacs-vm1.cs.univie.ac.at/apigate/enterprises/901/delivery-reports,18,0,0,null
1603711113076,11,UC5 show stock report,200,HTTP/1.1 200,UC5 1-1,true,,384,0,1,5,http://swa-kovacs-vm1.cs.univie.ac.at/apigate/stores/200/stock-item-reports,10,0,0,null
1603711113075,13,UC7 change price,200,HTTP/1.1 200,UC7 2-1,true,,127,0,1,5,http://swa-kovacs-vm1.cs.univie.ac.at/apigate/stores/200/stockitems/300,13,0,0,null
1603711113203,10,UC3 order products,201,HTTP/1.1 201,UC3 3-1,true,,242,0,1,5,http://swa-kovacs-vm1.cs.univie.ac.at/apigate/stores/201/orders,10,0,0,null
1603711113294,16,UC4 receive order,200,HTTP/1.1 200,UC4 4-1,true,,127,0,1,5,http://swa-kovacs-vm1.cs.univie.ac.at/apigate/stores/201/orders/113,16,0,0,null
1603711113310,20,UC6 delivery reports,200,HTTP/1.1 200,UC6 5-1,true,,342,0,1,5,http://swa-kovacs-vm1.cs.univie.ac.at/apigate/enterprises/901/delivery-reports,20,0,0,null
1603711113388,6,UC7 change price,200,HTTP/1.1 200,UC7 2-1,true,,127,0,1,5,http://swa-kovacs-vm1.cs.univie.ac.at/apigate/stores/200/stockitems/300,6,0,0,null
1603711113387,8,UC5 show stock report,200,HTTP/1.1 200,UC5 1-1,true,,384,0,1,5,http://swa-kovacs-vm1.cs.univie.ac.at/apigate/stores/200/stock-item-reports,8,0,0,null
1603711113514,10,UC3 order products,201,HTTP/1.1 201,UC3 3-1,true,,242,0,1,5,http://swa-kovacs-vm1.cs.univie.ac.at/apigate/stores/201/orders,10,0,0,null
1603711113610,17,UC4 receive order,200,HTTP/1.1 200,UC4 4-1,true,,127,0,1,5,http://swa-kovacs-vm1.cs.univie.ac.at/apigate/stores/201/orders/113,17,0,0,null
1603711113630,19,UC6 delivery reports,200,HTTP/1.1 200,UC6 5-1,true,,342,0,1,5,http://swa-kovacs-vm1.cs.univie.ac.at/apigate/enterprises/901/delivery-reports,18,0,0,null
1603711113695,7,UC5 show stock report,200,HTTP/1.1 200,UC5 1-1,true,,384,0,1,5,http://swa-kovacs-vm1.cs.univie.ac.at/apigate/stores/200/stock-item-reports,7,0,0,null
1603711113695,8,UC7 change price,200,HTTP/1.1 200,UC7 2-1,true,,127,0,1,5,http://swa-kovacs-vm1.cs.univie.ac.at/apigate/stores/200/stockitems/300,8,0,0,null
1603711113824,11,UC3 order products,201,HTTP/1.1 201,UC3 3-1,true,,242,0,1,5,http://swa-kovacs-vm1.cs.univie.ac.at/apigate/stores/201/orders,11,0,0,null
1603711113928,16,UC4 receive order,200,HTTP/1.1 200,UC4 4-1,true,,127,0,1,5,http://swa-kovacs-vm1.cs.univie.ac.at/apigate/stores/201/orders/113,16,0,0,null
1603711113949,16,UC6 delivery reports,200,HTTP/1.1 200,UC6 5-1,true,,342,0,1,5,http://swa-kovacs-vm1.cs.univie.ac.at/apigate/enterprises/901/delivery-reports,15,0,0,null
1603711114003,7,UC5 show stock report,200,HTTP/1.1 200,UC5 1-1,true,,384,0,1,5,http://swa-kovacs-vm1.cs.univie.ac.at/apigate/stores/200/stock-item-reports,7,0,0,null
1603711114003,8,UC7 change price,200,HTTP/1.1 200,UC7 2-1,true,,127,0,1,5,http://swa-kovacs-vm1.cs.univie.ac.at/apigate/stores/200/stockitems/300,8,0,0,null
1603711114136,11,UC3 order products,201,HTTP/1.1 201,UC3 3-1,true,,242,0,1,5,http://swa-kovacs-vm1.cs.univie.ac.at/apigate/stores/201/orders,11,0,0,null
1603711114244,16,UC4 receive order,200,HTTP/1.1 200,UC4 4-1,true,,127,0,1,5,http://swa-kovacs-vm1.cs.univie.ac.at/apigate/stores/201/orders/113,16,0,0,null
1603711114265,13,UC6 delivery reports,200,HTTP/1.1 200,UC6 5-1,true,,342,0,1,5,http://swa-kovacs-vm1.cs.univie.ac.at/apigate/enterprises/901/delivery-reports,13,0,0,null
1603711114311,6,UC5 show stock report,200,HTTP/1.1 200,UC5 1-1,true,,384,0,1,5,http://swa-kovacs-vm1.cs.univie.ac.at/apigate/stores/200/stock-item-reports,6,0,0,null
1603711114312,6,UC7 change price,200,HTTP/1.1 200,UC7 2-1,true,,127,0,1,5,http://swa-kovacs-vm1.cs.univie.ac.at/apigate/stores/200/stockitems/300,6,0,0,null
1603711114448,12,UC3 order products,201,HTTP/1.1 201,UC3 3-1,true,,242,0,1,5,http://swa-kovacs-vm1.cs.univie.ac.at/apigate/stores/201/orders,11,0,0,null
1603711114560,20,UC4 receive order,200,HTTP/1.1 200,UC4 4-1,true,,127,0,1,5,http://swa-kovacs-vm1.cs.univie.ac.at/apigate/stores/201/orders/113,20,0,0,null
1603711114579,18,UC6 delivery reports,200,HTTP/1.1 200,UC6 5-1,true,,342,0,1,5,http://swa-kovacs-vm1.cs.univie.ac.at/apigate/enterprises/901/delivery-reports,18,0,0,null
1603711114618,5,UC5 show stock report,200,HTTP/1.1 200,UC5 1-1,true,,384,0,1,5,http://swa-kovacs-vm1.cs.univie.ac.at/apigate/stores/200/stock-item-reports,4,0,0,null
1603711114619,5,UC7 change price,200,HTTP/1.1 200,UC7 2-1,true,,127,0,1,5,http://swa-kovacs-vm1.cs.univie.ac.at/apigate/stores/200/stockitems/300,5,0,0,null
1603711114760,11,UC3 order products,201,HTTP/1.1 201,UC3 3-1,true,,242,0,1,5,http://swa-kovacs-vm1.cs.univie.ac.at/apigate/stores/201/orders,11,0,0,null
1603711114881,22,UC4 receive order,200,HTTP/1.1 200,UC4 4-1,true,,127,0,1,5,http://swa-kovacs-vm1.cs.univie.ac.at/apigate/stores/201/orders/113,22,0,0,null
1603711114897,16,UC6 delivery reports,200,HTTP/1.1 200,UC6 5-1,true,,342,0,1,5,http://swa-kovacs-vm1.cs.univie.ac.at/apigate/enterprises/901/delivery-reports,16,0,0,null
1603711114923,7,UC5 show stock report,200,HTTP/1.1 200,UC5 1-1,true,,384,0,1,5,http://swa-kovacs-vm1.cs.univie.ac.at/apigate/stores/200/stock-item-reports,7,0,0,null
1603711114924,7,UC7 change price,200,HTTP/1.1 200,UC7 2-1,true,,127,0,1,5,http://swa-kovacs-vm1.cs.univie.ac.at/apigate/stores/200/stockitems/300,7,0,0,null
1603711115072,9,UC3 order products,201,HTTP/1.1 201,UC3 3-1,true,,242,0,1,5,http://swa-kovacs-vm1.cs.univie.ac.at/apigate/stores/201/orders,9,0,0,null
1603711115204,19,UC4 receive order,200,HTTP/1.1 200,UC4 4-1,true,,127,0,1,5,http://swa-kovacs-vm1.cs.univie.ac.at/apigate/stores/201/orders/113,19,0,0,null
1603711115231,6,UC5 show stock report,200,HTTP/1.1 200,UC5 1-1,true,,384,0,1,5,http://swa-kovacs-vm1.cs.univie.ac.at/apigate/stores/200/stock-item-reports,6,0,0,null
1603711115231,7,UC7 change price,200,HTTP/1.1 200,UC7 2-1,true,,127,0,1,5,http://swa-kovacs-vm1.cs.univie.ac.at/apigate/stores/200/stockitems/300,7,0,0,null
1603711115213,28,UC6 delivery reports,200,HTTP/1.1 200,UC6 5-1,true,,342,0,1,5,http://swa-kovacs-vm1.cs.univie.ac.at/apigate/enterprises/901/delivery-reports,28,0,0,null
1603711115381,10,UC3 order products,201,HTTP/1.1 201,UC3 3-1,true,,242,0,1,5,http://swa-kovacs-vm1.cs.univie.ac.at/apigate/stores/201/orders,10,0,0,null
1603711115523,17,UC4 receive order,200,HTTP/1.1 200,UC4 4-1,true,,127,0,1,5,http://swa-kovacs-vm1.cs.univie.ac.at/apigate/stores/201/orders/113,17,0,0,null
1603711115537,6,UC5 show stock report,200,HTTP/1.1 200,UC5 1-1,true,,384,0,1,5,http://swa-kovacs-vm1.cs.univie.ac.at/apigate/stores/200/stock-item-reports,6,0,0,null
1603711115539,5,UC7 change price,200,HTTP/1.1 200,UC7 2-1,true,,127,0,1,5,http://swa-kovacs-vm1.cs.univie.ac.at/apigate/stores/200/stockitems/300,5,0,0,null
1603711115541,15,UC6 delivery reports,200,HTTP/1.1 200,UC6 5-1,true,,342,0,1,5,http://swa-kovacs-vm1.cs.univie.ac.at/apigate/enterprises/901/delivery-reports,15,0,0,null
1603711115692,10,UC3 order products,201,HTTP/1.1 201,UC3 3-1,true,,242,0,1,5,http://swa-kovacs-vm1.cs.univie.ac.at/apigate/stores/201/orders,10,0,0,null
1603711115844,6,UC5 show stock report,200,HTTP/1.1 200,UC5 1-1,true,,384,0,1,5,http://swa-kovacs-vm1.cs.univie.ac.at/apigate/stores/200/stock-item-reports,6,0,0,null
1603711115845,6,UC7 change price,200,HTTP/1.1 200,UC7 2-1,true,,127,0,1,5,http://swa-kovacs-vm1.cs.univie.ac.at/apigate/stores/200/stockitems/300,6,0,0,null
1603711115840,19,UC4 receive order,200,HTTP/1.1 200,UC4 4-1,true,,127,0,1,5,http://swa-kovacs-vm1.cs.univie.ac.at/apigate/stores/201/orders/113,19,0,0,null
1603711115857,18,UC6 delivery reports,200,HTTP/1.1 200,UC6 5-1,true,,342,0,1,5,http://swa-kovacs-vm1.cs.univie.ac.at/apigate/enterprises/901/delivery-reports,18,0,0,null
1603711116003,10,UC3 order products,201,HTTP/1.1 201,UC3 3-1,true,,242,0,1,5,http://swa-kovacs-vm1.cs.univie.ac.at/apigate/stores/201/orders,10,0,0,null
1603711116151,7,UC5 show stock report,200,HTTP/1.1 200,UC5 1-1,true,,384,0,1,5,http://swa-kovacs-vm1.cs.univie.ac.at/apigate/stores/200/stock-item-reports,7,0,0,null
1603711116151,7,UC7 change price,200,HTTP/1.1 200,UC7 2-1,true,,127,0,1,5,http://swa-kovacs-vm1.cs.univie.ac.at/apigate/stores/200/stockitems/300,7,0,0,null
1603711116159,23,UC4 receive order,200,HTTP/1.1 200,UC4 4-1,true,,127,0,1,5,http://swa-kovacs-vm1.cs.univie.ac.at/apigate/stores/201/orders/113,23,0,0,null
1603711116175,18,UC6 delivery reports,200,HTTP/1.1 200,UC6 5-1,true,,342,0,1,5,http://swa-kovacs-vm1.cs.univie.ac.at/apigate/enterprises/901/delivery-reports,18,0,0,null
1603711116313,10,UC3 order products,201,HTTP/1.1 201,UC3 3-1,true,,242,0,1,5,http://swa-kovacs-vm1.cs.univie.ac.at/apigate/stores/201/orders,10,0,0,null
1603711116459,7,UC7 change price,200,HTTP/1.1 200,UC7 2-1,true,,127,0,1,5,http://swa-kovacs-vm1.cs.univie.ac.at/apigate/stores/200/stockitems/300,7,0,0,null
1603711116458,8,UC5 show stock report,200,HTTP/1.1 200,UC5 1-1,true,,384,0,1,5,http://swa-kovacs-vm1.cs.univie.ac.at/apigate/stores/200/stock-item-reports,8,0,0,null
1603711116483,13,UC4 receive order,200,HTTP/1.1 200,UC4 4-1,true,,127,0,1,5,http://swa-kovacs-vm1.cs.univie.ac.at/apigate/stores/201/orders/113,13,0,0,null
1603711116493,19,UC6 delivery reports,200,HTTP/1.1 200,UC6 5-1,true,,342,0,1,5,http://swa-kovacs-vm1.cs.univie.ac.at/apigate/enterprises/901/delivery-reports,18,0,0,null
1603711116624,9,UC3 order products,201,HTTP/1.1 201,UC3 3-1,true,,242,0,1,5,http://swa-kovacs-vm1.cs.univie.ac.at/apigate/stores/201/orders,9,0,0,null
1603711116766,7,UC7 change price,200,HTTP/1.1 200,UC7 2-1,true,,127,0,1,5,http://swa-kovacs-vm1.cs.univie.ac.at/apigate/stores/200/stockitems/300,7,0,0,null
1603711116767,7,UC5 show stock report,200,HTTP/1.1 200,UC5 1-1,true,,384,0,1,5,http://swa-kovacs-vm1.cs.univie.ac.at/apigate/stores/200/stock-item-reports,7,0,0,null
1603711116797,14,UC4 receive order,200,HTTP/1.1 200,UC4 4-1,true,,127,0,1,5,http://swa-kovacs-vm1.cs.univie.ac.at/apigate/stores/201/orders/113,14,0,0,null
1603711116812,18,UC6 delivery reports,200,HTTP/1.1 200,UC6 5-1,true,,342,0,1,5,http://swa-kovacs-vm1.cs.univie.ac.at/apigate/enterprises/901/delivery-reports,18,0,0,null
1603711116933,11,UC3 order products,201,HTTP/1.1 201,UC3 3-1,true,,242,0,1,5,http://swa-kovacs-vm1.cs.univie.ac.at/apigate/stores/201/orders,11,0,0,null
1603711117074,8,UC7 change price,200,HTTP/1.1 200,UC7 2-1,true,,127,0,1,5,http://swa-kovacs-vm1.cs.univie.ac.at/apigate/stores/200/stockitems/300,8,0,0,null
1603711117075,8,UC5 show stock report,200,HTTP/1.1 200,UC5 1-1,true,,384,0,1,5,http://swa-kovacs-vm1.cs.univie.ac.at/apigate/stores/200/stock-item-reports,8,0,0,null
1603711117111,17,UC4 receive order,200,HTTP/1.1 200,UC4 4-1,true,,127,0,1,5,http://swa-kovacs-vm1.cs.univie.ac.at/apigate/stores/201/orders/113,17,0,0,null
1603711117131,16,UC6 delivery reports,200,HTTP/1.1 200,UC6 5-1,true,,342,0,1,5,http://swa-kovacs-vm1.cs.univie.ac.at/apigate/enterprises/901/delivery-reports,16,0,0,null
1603711117244,12,UC3 order products,201,HTTP/1.1 201,UC3 3-1,true,,242,0,1,5,http://swa-kovacs-vm1.cs.univie.ac.at/apigate/stores/201/orders,12,0,0,null
1603711117382,10,UC7 change price,200,HTTP/1.1 200,UC7 2-1,true,,127,0,1,5,http://swa-kovacs-vm1.cs.univie.ac.at/apigate/stores/200/stockitems/300,10,0,0,null
1603711117383,11,UC5 show stock report,200,HTTP/1.1 200,UC5 1-1,true,,384,0,1,5,http://swa-kovacs-vm1.cs.univie.ac.at/apigate/stores/200/stock-item-reports,11,0,0,null
1603711117428,17,UC4 receive order,200,HTTP/1.1 200,UC4 4-1,true,,127,0,1,5,http://swa-kovacs-vm1.cs.univie.ac.at/apigate/stores/201/orders/113,17,0,0,null
1603711117447,19,UC6 delivery reports,200,HTTP/1.1 200,UC6 5-1,true,,342,0,1,5,http://swa-kovacs-vm1.cs.univie.ac.at/apigate/enterprises/901/delivery-reports,19,0,0,null
1603711117557,17,UC3 order products,201,HTTP/1.1 201,UC3 3-1,true,,242,0,1,5,http://swa-kovacs-vm1.cs.univie.ac.at/apigate/stores/201/orders,17,0,0,null
1603711117694,6,UC5 show stock report,200,HTTP/1.1 200,UC5 1-1,true,,384,0,1,5,http://swa-kovacs-vm1.cs.univie.ac.at/apigate/stores/200/stock-item-reports,6,0,0,null
1603711117693,8,UC7 change price,200,HTTP/1.1 200,UC7 2-1,true,,127,0,1,5,http://swa-kovacs-vm1.cs.univie.ac.at/apigate/stores/200/stockitems/300,8,0,0,null
1603711117746,15,UC4 receive order,200,HTTP/1.1 200,UC4 4-1,true,,127,0,1,5,http://swa-kovacs-vm1.cs.univie.ac.at/apigate/stores/201/orders/113,15,0,0,null
1603711117766,16,UC6 delivery reports,200,HTTP/1.1 200,UC6 5-1,true,,342,0,1,5,http://swa-kovacs-vm1.cs.univie.ac.at/apigate/enterprises/901/delivery-reports,16,0,0,null
1603711117875,8,UC3 order products,201,HTTP/1.1 201,UC3 3-1,true,,242,0,1,5,http://swa-kovacs-vm1.cs.univie.ac.at/apigate/stores/201/orders,8,0,0,null
1603711118001,9,UC5 show stock report,200,HTTP/1.1 200,UC5 1-1,true,,384,0,1,5,http://swa-kovacs-vm1.cs.univie.ac.at/apigate/stores/200/stock-item-reports,9,0,0,null
1603711118001,10,UC7 change price,200,HTTP/1.1 200,UC7 2-1,true,,127,0,1,5,http://swa-kovacs-vm1.cs.univie.ac.at/apigate/stores/200/stockitems/300,10,0,0,null
1603711118062,17,UC4 receive order,200,HTTP/1.1 200,UC4 4-1,true,,127,0,1,5,http://swa-kovacs-vm1.cs.univie.ac.at/apigate/stores/201/orders/113,17,0,0,null
1603711118082,15,UC6 delivery reports,200,HTTP/1.1 200,UC6 5-1,true,,342,0,1,5,http://swa-kovacs-vm1.cs.univie.ac.at/apigate/enterprises/901/delivery-reports,15,0,0,null
1603711118183,11,UC3 order products,201,HTTP/1.1 201,UC3 3-1,true,,242,0,1,5,http://swa-kovacs-vm1.cs.univie.ac.at/apigate/stores/201/orders,11,0,0,null
1603711118310,8,UC5 show stock report,200,HTTP/1.1 200,UC5 1-1,true,,384,0,1,5,http://swa-kovacs-vm1.cs.univie.ac.at/apigate/stores/200/stock-item-reports,7,0,0,null
1603711118311,7,UC7 change price,200,HTTP/1.1 200,UC7 2-1,true,,127,0,1,5,http://swa-kovacs-vm1.cs.univie.ac.at/apigate/stores/200/stockitems/300,7,0,0,null
1603711118379,17,UC4 receive order,200,HTTP/1.1 200,UC4 4-1,true,,127,0,1,5,http://swa-kovacs-vm1.cs.univie.ac.at/apigate/stores/201/orders/113,17,0,0,null
1603711118397,13,UC6 delivery reports,200,HTTP/1.1 200,UC6 5-1,true,,342,0,1,5,http://swa-kovacs-vm1.cs.univie.ac.at/apigate/enterprises/901/delivery-reports,13,0,0,null
1603711118494,10,UC3 order products,201,HTTP/1.1 201,UC3 3-1,true,,242,0,1,5,http://swa-kovacs-vm1.cs.univie.ac.at/apigate/stores/201/orders,10,0,0,null
1603711118618,7,UC7 change price,200,HTTP/1.1 200,UC7 2-1,true,,127,0,1,5,http://swa-kovacs-vm1.cs.univie.ac.at/apigate/stores/200/stockitems/300,7,0,0,null
1603711118618,7,UC5 show stock report,200,HTTP/1.1 200,UC5 1-1,true,,384,0,1,5,http://swa-kovacs-vm1.cs.univie.ac.at/apigate/stores/200/stock-item-reports,7,0,0,null
1603711118697,18,UC4 receive order,200,HTTP/1.1 200,UC4 4-1,true,,127,0,1,5,http://swa-kovacs-vm1.cs.univie.ac.at/apigate/stores/201/orders/113,18,0,0,null
1603711118711,18,UC6 delivery reports,200,HTTP/1.1 200,UC6 5-1,true,,342,0,1,5,http://swa-kovacs-vm1.cs.univie.ac.at/apigate/enterprises/901/delivery-reports,18,0,0,null
1603711118805,9,UC3 order products,201,HTTP/1.1 201,UC3 3-1,true,,242,0,1,5,http://swa-kovacs-vm1.cs.univie.ac.at/apigate/stores/201/orders,9,0,0,null
1603711118926,6,UC5 show stock report,200,HTTP/1.1 200,UC5 1-1,true,,384,0,1,5,http://swa-kovacs-vm1.cs.univie.ac.at/apigate/stores/200/stock-item-reports,6,0,0,null
1603711118925,7,UC7 change price,200,HTTP/1.1 200,UC7 2-1,true,,127,0,1,5,http://swa-kovacs-vm1.cs.univie.ac.at/apigate/stores/200/stockitems/300,7,0,0,null
1603711119015,17,UC4 receive order,200,HTTP/1.1 200,UC4 4-1,true,,127,0,1,5,http://swa-kovacs-vm1.cs.univie.ac.at/apigate/stores/201/orders/113,17,0,0,null
1603711119029,17,UC6 delivery reports,200,HTTP/1.1 200,UC6 5-1,true,,342,0,1,5,http://swa-kovacs-vm1.cs.univie.ac.at/apigate/enterprises/901/delivery-reports,17,0,0,null
1603711119114,9,UC3 order products,201,HTTP/1.1 201,UC3 3-1,true,,242,0,1,5,http://swa-kovacs-vm1.cs.univie.ac.at/apigate/stores/201/orders,9,0,0,null
1603711119232,8,UC5 show stock report,200,HTTP/1.1 200,UC5 1-1,true,,384,0,1,5,http://swa-kovacs-vm1.cs.univie.ac.at/apigate/stores/200/stock-item-reports,8,0,0,null
1603711119233,8,UC7 change price,200,HTTP/1.1 200,UC7 2-1,true,,127,0,1,5,http://swa-kovacs-vm1.cs.univie.ac.at/apigate/stores/200/stockitems/300,8,0,0,null
1603711119333,17,UC4 receive order,200,HTTP/1.1 200,UC4 4-1,true,,127,0,1,5,http://swa-kovacs-vm1.cs.univie.ac.at/apigate/stores/201/orders/113,17,0,0,null
1603711119347,15,UC6 delivery reports,200,HTTP/1.1 200,UC6 5-1,true,,342,0,1,5,http://swa-kovacs-vm1.cs.univie.ac.at/apigate/enterprises/901/delivery-reports,14,0,0,null
1603711119424,11,UC3 order products,201,HTTP/1.1 201,UC3 3-1,true,,242,0,1,5,http://swa-kovacs-vm1.cs.univie.ac.at/apigate/stores/201/orders,11,0,0,null
1603711119540,7,UC5 show stock report,200,HTTP/1.1 200,UC5 1-1,true,,384,0,1,5,http://swa-kovacs-vm1.cs.univie.ac.at/apigate/stores/200/stock-item-reports,6,0,0,null
1603711119542,6,UC7 change price,200,HTTP/1.1 200,UC7 2-1,true,,127,0,1,5,http://swa-kovacs-vm1.cs.univie.ac.at/apigate/stores/200/stockitems/300,6,0,0,null
1603711119650,14,UC4 receive order,200,HTTP/1.1 200,UC4 4-1,true,,127,0,1,5,http://swa-kovacs-vm1.cs.univie.ac.at/apigate/stores/201/orders/113,14,0,0,null
1603711119662,15,UC6 delivery reports,200,HTTP/1.1 200,UC6 5-1,true,,342,0,1,5,http://swa-kovacs-vm1.cs.univie.ac.at/apigate/enterprises/901/delivery-reports,15,0,0,null
1603711119735,9,UC3 order products,201,HTTP/1.1 201,UC3 3-1,true,,242,0,1,5,http://swa-kovacs-vm1.cs.univie.ac.at/apigate/stores/201/orders,9,0,0,null
1603711119847,8,UC5 show stock report,200,HTTP/1.1 200,UC5 1-1,true,,384,0,1,5,http://swa-kovacs-vm1.cs.univie.ac.at/apigate/stores/200/stock-item-reports,8,0,0,null
1603711119848,8,UC7 change price,200,HTTP/1.1 200,UC7 2-1,true,,127,0,1,5,http://swa-kovacs-vm1.cs.univie.ac.at/apigate/stores/200/stockitems/300,8,0,0,null
1603711119965,17,UC4 receive order,200,HTTP/1.1 200,UC4 4-1,true,,127,0,1,5,http://swa-kovacs-vm1.cs.univie.ac.at/apigate/stores/201/orders/113,17,0,0,null
1603711119977,24,UC6 delivery reports,200,HTTP/1.1 200,UC6 5-1,true,,342,0,1,5,http://swa-kovacs-vm1.cs.univie.ac.at/apigate/enterprises/901/delivery-reports,23,0,0,null
1603711120045,8,UC3 order products,201,HTTP/1.1 201,UC3 3-1,true,,242,0,1,5,http://swa-kovacs-vm1.cs.univie.ac.at/apigate/stores/201/orders,8,0,0,null
1603711120156,8,UC5 show stock report,200,HTTP/1.1 200,UC5 1-1,true,,384,0,1,5,http://swa-kovacs-vm1.cs.univie.ac.at/apigate/stores/200/stock-item-reports,8,0,0,null
1603711120157,8,UC7 change price,200,HTTP/1.1 200,UC7 2-1,true,,127,0,1,5,http://swa-kovacs-vm1.cs.univie.ac.at/apigate/stores/200/stockitems/300,8,0,0,null
1603711120283,19,UC4 receive order,200,HTTP/1.1 200,UC4 4-1,true,,127,0,1,5,http://swa-kovacs-vm1.cs.univie.ac.at/apigate/stores/201/orders/113,19,0,0,null
1603711120302,21,UC6 delivery reports,200,HTTP/1.1 200,UC6 5-1,true,,342,0,1,5,http://swa-kovacs-vm1.cs.univie.ac.at/apigate/enterprises/901/delivery-reports,21,0,0,null
1603711120355,10,UC3 order products,201,HTTP/1.1 201,UC3 3-1,true,,242,0,1,5,http://swa-kovacs-vm1.cs.univie.ac.at/apigate/stores/201/orders,9,0,0,null
1603711120465,7,UC5 show stock report,200,HTTP/1.1 200,UC5 1-1,true,,384,0,1,5,http://swa-kovacs-vm1.cs.univie.ac.at/apigate/stores/200/stock-item-reports,7,0,0,null
1603711120466,7,UC7 change price,200,HTTP/1.1 200,UC7 2-1,true,,127,0,1,5,http://swa-kovacs-vm1.cs.univie.ac.at/apigate/stores/200/stockitems/300,7,0,0,null
1603711120604,14,UC4 receive order,200,HTTP/1.1 200,UC4 4-1,true,,127,0,1,5,http://swa-kovacs-vm1.cs.univie.ac.at/apigate/stores/201/orders/113,14,0,0,null
1603711120624,14,UC6 delivery reports,200,HTTP/1.1 200,UC6 5-1,true,,342,0,1,5,http://swa-kovacs-vm1.cs.univie.ac.at/apigate/enterprises/901/delivery-reports,14,0,0,null
1603711120665,8,UC3 order products,201,HTTP/1.1 201,UC3 3-1,true,,242,0,1,5,http://swa-kovacs-vm1.cs.univie.ac.at/apigate/stores/201/orders,8,0,0,null
1603711120774,7,UC7 change price,200,HTTP/1.1 200,UC7 2-1,true,,127,0,1,5,http://swa-kovacs-vm1.cs.univie.ac.at/apigate/stores/200/stockitems/300,7,0,0,null
1603711120773,9,UC5 show stock report,200,HTTP/1.1 200,UC5 1-1,true,,384,0,1,5,http://swa-kovacs-vm1.cs.univie.ac.at/apigate/stores/200/stock-item-reports,9,0,0,null
1603711120919,15,UC4 receive order,200,HTTP/1.1 200,UC4 4-1,true,,127,0,1,5,http://swa-kovacs-vm1.cs.univie.ac.at/apigate/stores/201/orders/113,15,0,0,null
1603711120938,14,UC6 delivery reports,200,HTTP/1.1 200,UC6 5-1,true,,342,0,1,5,http://swa-kovacs-vm1.cs.univie.ac.at/apigate/enterprises/901/delivery-reports,14,0,0,null
1603711120974,7,UC3 order products,201,HTTP/1.1 201,UC3 3-1,true,,242,0,1,5,http://swa-kovacs-vm1.cs.univie.ac.at/apigate/stores/201/orders,7,0,0,null
1603711121083,6,UC5 show stock report,200,HTTP/1.1 200,UC5 1-1,true,,384,0,1,5,http://swa-kovacs-vm1.cs.univie.ac.at/apigate/stores/200/stock-item-reports,6,0,0,null
1603711121081,9,UC7 change price,200,HTTP/1.1 200,UC7 2-1,true,,127,0,1,5,http://swa-kovacs-vm1.cs.univie.ac.at/apigate/stores/200/stockitems/300,9,0,0,null
1603711121234,16,UC4 receive order,200,HTTP/1.1 200,UC4 4-1,true,,127,0,1,5,http://swa-kovacs-vm1.cs.univie.ac.at/apigate/stores/201/orders/113,16,0,0,null
1603711121252,15,UC6 delivery reports,200,HTTP/1.1 200,UC6 5-1,true,,342,0,1,5,http://swa-kovacs-vm1.cs.univie.ac.at/apigate/enterprises/901/delivery-reports,15,0,0,null
1603711121281,8,UC3 order products,201,HTTP/1.1 201,UC3 3-1,true,,242,0,1,5,http://swa-kovacs-vm1.cs.univie.ac.at/apigate/stores/201/orders,8,0,0,null
1603711121390,6,UC7 change price,200,HTTP/1.1 200,UC7 2-1,true,,127,0,1,5,http://swa-kovacs-vm1.cs.univie.ac.at/apigate/stores/200/stockitems/300,6,0,0,null
1603711121390,7,UC5 show stock report,200,HTTP/1.1 200,UC5 1-1,true,,384,0,1,5,http://swa-kovacs-vm1.cs.univie.ac.at/apigate/stores/200/stock-item-reports,6,0,0,null
1603711121551,16,UC4 receive order,200,HTTP/1.1 200,UC4 4-1,true,,127,0,1,5,http://swa-kovacs-vm1.cs.univie.ac.at/apigate/stores/201/orders/113,16,0,0,null
1603711121567,14,UC6 delivery reports,200,HTTP/1.1 200,UC6 5-1,true,,342,0,1,5,http://swa-kovacs-vm1.cs.univie.ac.at/apigate/enterprises/901/delivery-reports,14,0,0,null
1603711121589,6,UC3 order products,201,HTTP/1.1 201,UC3 3-1,true,,242,0,1,5,http://swa-kovacs-vm1.cs.univie.ac.at/apigate/stores/201/orders,6,0,0,null
1603711121697,8,UC5 show stock report,200,HTTP/1.1 200,UC5 1-1,true,,384,0,1,5,http://swa-kovacs-vm1.cs.univie.ac.at/apigate/stores/200/stock-item-reports,7,0,0,null
1603711121697,8,UC7 change price,200,HTTP/1.1 200,UC7 2-1,true,,127,0,1,5,http://swa-kovacs-vm1.cs.univie.ac.at/apigate/stores/200/stockitems/300,8,0,0,null
1603711121867,17,UC4 receive order,200,HTTP/1.1 200,UC4 4-1,true,,127,0,1,5,http://swa-kovacs-vm1.cs.univie.ac.at/apigate/stores/201/orders/113,17,0,0,null
1603711121881,18,UC6 delivery reports,200,HTTP/1.1 200,UC6 5-1,true,,337,0,1,5,http://swa-kovacs-vm1.cs.univie.ac.at/apigate/enterprises/901/delivery-reports,17,0,0,null
1603711121896,8,UC3 order products,201,HTTP/1.1 201,UC3 3-1,true,,242,0,1,5,http://swa-kovacs-vm1.cs.univie.ac.at/apigate/stores/201/orders,8,0,0,null
1603711122005,7,UC5 show stock report,200,HTTP/1.1 200,UC5 1-1,true,,384,0,1,5,http://swa-kovacs-vm1.cs.univie.ac.at/apigate/stores/200/stock-item-reports,7,0,0,null
1603711122006,7,UC7 change price,200,HTTP/1.1 200,UC7 2-1,true,,127,0,1,5,http://swa-kovacs-vm1.cs.univie.ac.at/apigate/stores/200/stockitems/300,7,0,0,null
1603711122185,18,UC4 receive order,200,HTTP/1.1 200,UC4 4-1,true,,127,0,1,5,http://swa-kovacs-vm1.cs.univie.ac.at/apigate/stores/201/orders/113,18,0,0,null
1603711122199,18,UC6 delivery reports,200,HTTP/1.1 200,UC6 5-1,true,,342,0,1,5,http://swa-kovacs-vm1.cs.univie.ac.at/apigate/enterprises/901/delivery-reports,17,0,0,null
1603711122204,13,UC3 order products,201,HTTP/1.1 201,UC3 3-1,true,,242,0,1,5,http://swa-kovacs-vm1.cs.univie.ac.at/apigate/stores/201/orders,13,0,0,null
1603711122314,7,UC7 change price,200,HTTP/1.1 200,UC7 2-1,true,,127,0,1,5,http://swa-kovacs-vm1.cs.univie.ac.at/apigate/stores/200/stockitems/300,7,0,0,null
1603711122313,8,UC5 show stock report,200,HTTP/1.1 200,UC5 1-1,true,,384,0,1,5,http://swa-kovacs-vm1.cs.univie.ac.at/apigate/stores/200/stock-item-reports,8,0,0,null
1603711122504,17,UC4 receive order,200,HTTP/1.1 200,UC4 4-1,true,,127,0,1,5,http://swa-kovacs-vm1.cs.univie.ac.at/apigate/stores/201/orders/113,17,0,0,null
1603711122518,9,UC3 order products,201,HTTP/1.1 201,UC3 3-1,true,,242,0,1,5,http://swa-kovacs-vm1.cs.univie.ac.at/apigate/stores/201/orders,9,0,0,null
1603711122518,18,UC6 delivery reports,200,HTTP/1.1 200,UC6 5-1,true,,342,0,1,5,http://swa-kovacs-vm1.cs.univie.ac.at/apigate/enterprises/901/delivery-reports,18,0,0,null
1603711122621,10,UC7 change price,200,HTTP/1.1 200,UC7 2-1,true,,127,0,1,5,http://swa-kovacs-vm1.cs.univie.ac.at/apigate/stores/200/stockitems/300,10,0,0,null
1603711122622,9,UC5 show stock report,200,HTTP/1.1 200,UC5 1-1,true,,384,0,1,5,http://swa-kovacs-vm1.cs.univie.ac.at/apigate/stores/200/stock-item-reports,9,0,0,null
1603711122827,8,UC3 order products,201,HTTP/1.1 201,UC3 3-1,true,,242,0,1,5,http://swa-kovacs-vm1.cs.univie.ac.at/apigate/stores/201/orders,8,0,0,null
1603711122821,17,UC4 receive order,200,HTTP/1.1 200,UC4 4-1,true,,127,0,1,5,http://swa-kovacs-vm1.cs.univie.ac.at/apigate/stores/201/orders/113,17,0,0,null
1603711122837,13,UC6 delivery reports,200,HTTP/1.1 200,UC6 5-1,true,,342,0,1,5,http://swa-kovacs-vm1.cs.univie.ac.at/apigate/enterprises/901/delivery-reports,12,0,0,null
1603711122931,8,UC7 change price,200,HTTP/1.1 200,UC7 2-1,true,,127,0,1,5,http://swa-kovacs-vm1.cs.univie.ac.at/apigate/stores/200/stockitems/300,8,0,0,null
1603711122932,8,UC5 show stock report,200,HTTP/1.1 200,UC5 1-1,true,,384,0,1,5,http://swa-kovacs-vm1.cs.univie.ac.at/apigate/stores/200/stock-item-reports,8,0,0,null
1603711123136,11,UC3 order products,201,HTTP/1.1 201,UC3 3-1,true,,242,0,1,5,http://swa-kovacs-vm1.cs.univie.ac.at/apigate/stores/201/orders,11,0,0,null
1603711123139,14,UC4 receive order,200,HTTP/1.1 200,UC4 4-1,true,,127,0,1,5,http://swa-kovacs-vm1.cs.univie.ac.at/apigate/stores/201/orders/113,14,0,0,null
1603711123150,16,UC6 delivery reports,200,HTTP/1.1 200,UC6 5-1,true,,342,0,1,5,http://swa-kovacs-vm1.cs.univie.ac.at/apigate/enterprises/901/delivery-reports,16,0,0,null
1603711123239,7,UC7 change price,200,HTTP/1.1 200,UC7 2-1,true,,127,0,1,5,http://swa-kovacs-vm1.cs.univie.ac.at/apigate/stores/200/stockitems/300,7,0,0,null
1603711123240,7,UC5 show stock report,200,HTTP/1.1 200,UC5 1-1,true,,384,0,1,5,http://swa-kovacs-vm1.cs.univie.ac.at/apigate/stores/200/stock-item-reports,7,0,0,null
1603711123447,12,UC3 order products,201,HTTP/1.1 201,UC3 3-1,true,,242,0,1,5,http://swa-kovacs-vm1.cs.univie.ac.at/apigate/stores/201/orders,12,0,0,null
1603711123454,16,UC4 receive order,200,HTTP/1.1 200,UC4 4-1,true,,127,0,1,5,http://swa-kovacs-vm1.cs.univie.ac.at/apigate/stores/201/orders/113,16,0,0,null
1603711123467,17,UC6 delivery reports,200,HTTP/1.1 200,UC6 5-1,true,,342,0,1,5,http://swa-kovacs-vm1.cs.univie.ac.at/apigate/enterprises/901/delivery-reports,17,0,0,null
1603711123547,6,UC5 show stock report,200,HTTP/1.1 200,UC5 1-1,true,,384,0,1,5,http://swa-kovacs-vm1.cs.univie.ac.at/apigate/stores/200/stock-item-reports,6,0,0,null
1603711123546,8,UC7 change price,200,HTTP/1.1 200,UC7 2-1,true,,127,0,1,5,http://swa-kovacs-vm1.cs.univie.ac.at/apigate/stores/200/stockitems/300,8,0,0,null
1603711123759,13,UC3 order products,201,HTTP/1.1 201,UC3 3-1,true,,242,0,1,5,http://swa-kovacs-vm1.cs.univie.ac.at/apigate/stores/201/orders,13,0,0,null
1603711123770,15,UC4 receive order,200,HTTP/1.1 200,UC4 4-1,true,,127,0,1,5,http://swa-kovacs-vm1.cs.univie.ac.at/apigate/stores/201/orders/113,15,0,0,null
1603711123784,15,UC6 delivery reports,200,HTTP/1.1 200,UC6 5-1,true,,342,0,1,5,http://swa-kovacs-vm1.cs.univie.ac.at/apigate/enterprises/901/delivery-reports,15,0,0,null
1603711123854,8,UC5 show stock report,200,HTTP/1.1 200,UC5 1-1,true,,384,0,1,5,http://swa-kovacs-vm1.cs.univie.ac.at/apigate/stores/200/stock-item-reports,8,0,0,null
1603711123855,7,UC7 change price,200,HTTP/1.1 200,UC7 2-1,true,,127,0,1,5,http://swa-kovacs-vm1.cs.univie.ac.at/apigate/stores/200/stockitems/300,7,0,0,null
1603711124073,9,UC3 order products,201,HTTP/1.1 201,UC3 3-1,true,,242,0,1,5,http://swa-kovacs-vm1.cs.univie.ac.at/apigate/stores/201/orders,9,0,0,null
1603711124085,14,UC4 receive order,200,HTTP/1.1 200,UC4 4-1,true,,127,0,1,5,http://swa-kovacs-vm1.cs.univie.ac.at/apigate/stores/201/orders/113,14,0,0,null
1603711124099,14,UC6 delivery reports,200,HTTP/1.1 200,UC6 5-1,true,,342,0,1,5,http://swa-kovacs-vm1.cs.univie.ac.at/apigate/enterprises/901/delivery-reports,14,0,0,null
1603711124162,7,UC5 show stock report,200,HTTP/1.1 200,UC5 1-1,true,,384,0,1,5,http://swa-kovacs-vm1.cs.univie.ac.at/apigate/stores/200/stock-item-reports,7,0,0,null
1603711124162,9,UC7 change price,200,HTTP/1.1 200,UC7 2-1,true,,127,0,1,5,http://swa-kovacs-vm1.cs.univie.ac.at/apigate/stores/200/stockitems/300,9,0,0,null
1603711124382,9,UC3 order products,201,HTTP/1.1 201,UC3 3-1,true,,242,0,1,5,http://swa-kovacs-vm1.cs.univie.ac.at/apigate/stores/201/orders,9,0,0,null
1603711124400,15,UC4 receive order,200,HTTP/1.1 200,UC4 4-1,true,,127,0,1,5,http://swa-kovacs-vm1.cs.univie.ac.at/apigate/stores/201/orders/113,15,0,0,null
1603711124414,14,UC6 delivery reports,200,HTTP/1.1 200,UC6 5-1,true,,342,0,1,5,http://swa-kovacs-vm1.cs.univie.ac.at/apigate/enterprises/901/delivery-reports,14,0,0,null
1603711124471,14,UC7 change price,200,HTTP/1.1 200,UC7 2-1,true,,127,0,1,5,http://swa-kovacs-vm1.cs.univie.ac.at/apigate/stores/200/stockitems/300,14,0,0,null
1603711124470,18,UC5 show stock report,200,HTTP/1.1 200,UC5 1-1,true,,384,0,1,5,http://swa-kovacs-vm1.cs.univie.ac.at/apigate/stores/200/stock-item-reports,17,0,0,null
1603711124692,10,UC3 order products,201,HTTP/1.1 201,UC3 3-1,true,,242,0,1,5,http://swa-kovacs-vm1.cs.univie.ac.at/apigate/stores/201/orders,10,0,0,null
1603711124715,19,UC4 receive order,200,HTTP/1.1 200,UC4 4-1,true,,127,0,1,5,http://swa-kovacs-vm1.cs.univie.ac.at/apigate/stores/201/orders/113,19,0,0,null
1603711124729,14,UC6 delivery reports,200,HTTP/1.1 200,UC6 5-1,true,,342,0,1,5,http://swa-kovacs-vm1.cs.univie.ac.at/apigate/enterprises/901/delivery-reports,14,0,0,null
1603711124785,8,UC7 change price,200,HTTP/1.1 200,UC7 2-1,true,,127,0,1,5,http://swa-kovacs-vm1.cs.univie.ac.at/apigate/stores/200/stockitems/300,8,0,0,null
1603711124788,6,UC5 show stock report,200,HTTP/1.1 200,UC5 1-1,true,,384,0,1,5,http://swa-kovacs-vm1.cs.univie.ac.at/apigate/stores/200/stock-item-reports,6,0,0,null
1603711125002,10,UC3 order products,201,HTTP/1.1 201,UC3 3-1,true,,242,0,1,5,http://swa-kovacs-vm1.cs.univie.ac.at/apigate/stores/201/orders,10,0,0,null
1603711125034,17,UC4 receive order,200,HTTP/1.1 200,UC4 4-1,true,,127,0,1,5,http://swa-kovacs-vm1.cs.univie.ac.at/apigate/stores/201/orders/113,17,0,0,null
1603711125043,16,UC6 delivery reports,200,HTTP/1.1 200,UC6 5-1,true,,342,0,1,5,http://swa-kovacs-vm1.cs.univie.ac.at/apigate/enterprises/901/delivery-reports,16,0,0,null
1603711125094,7,UC5 show stock report,200,HTTP/1.1 200,UC5 1-1,true,,384,0,1,5,http://swa-kovacs-vm1.cs.univie.ac.at/apigate/stores/200/stock-item-reports,7,0,0,null
1603711125093,9,UC7 change price,200,HTTP/1.1 200,UC7 2-1,true,,127,0,1,5,http://swa-kovacs-vm1.cs.univie.ac.at/apigate/stores/200/stockitems/300,9,0,0,null
1603711125312,10,UC3 order products,201,HTTP/1.1 201,UC3 3-1,true,,242,0,1,5,http://swa-kovacs-vm1.cs.univie.ac.at/apigate/stores/201/orders,10,0,0,null
1603711125352,16,UC4 receive order,200,HTTP/1.1 200,UC4 4-1,true,,127,0,1,5,http://swa-kovacs-vm1.cs.univie.ac.at/apigate/stores/201/orders/113,16,0,0,null
1603711125360,14,UC6 delivery reports,200,HTTP/1.1 200,UC6 5-1,true,,342,0,1,5,http://swa-kovacs-vm1.cs.univie.ac.at/apigate/enterprises/901/delivery-reports,14,0,0,null
1603711125401,6,UC5 show stock report,200,HTTP/1.1 200,UC5 1-1,true,,384,0,1,5,http://swa-kovacs-vm1.cs.univie.ac.at/apigate/stores/200/stock-item-reports,6,0,0,null
1603711125402,6,UC7 change price,200,HTTP/1.1 200,UC7 2-1,true,,127,0,1,5,http://swa-kovacs-vm1.cs.univie.ac.at/apigate/stores/200/stockitems/300,6,0,0,null
1603711125622,9,UC3 order products,201,HTTP/1.1 201,UC3 3-1,true,,242,0,1,5,http://swa-kovacs-vm1.cs.univie.ac.at/apigate/stores/201/orders,9,0,0,null
1603711125669,15,UC4 receive order,200,HTTP/1.1 200,UC4 4-1,true,,127,0,1,5,http://swa-kovacs-vm1.cs.univie.ac.at/apigate/stores/201/orders/113,15,0,0,null
1603711125674,15,UC6 delivery reports,200,HTTP/1.1 200,UC6 5-1,true,,342,0,1,5,http://swa-kovacs-vm1.cs.univie.ac.at/apigate/enterprises/901/delivery-reports,15,0,0,null
1603711125707,7,UC5 show stock report,200,HTTP/1.1 200,UC5 1-1,true,,384,0,1,5,http://swa-kovacs-vm1.cs.univie.ac.at/apigate/stores/200/stock-item-reports,7,0,0,null
1603711125709,6,UC7 change price,200,HTTP/1.1 200,UC7 2-1,true,,127,0,1,5,http://swa-kovacs-vm1.cs.univie.ac.at/apigate/stores/200/stockitems/300,6,0,0,null
1603711125931,9,UC3 order products,201,HTTP/1.1 201,UC3 3-1,true,,242,0,1,5,http://swa-kovacs-vm1.cs.univie.ac.at/apigate/stores/201/orders,9,0,0,null
1603711125990,14,UC6 delivery reports,200,HTTP/1.1 200,UC6 5-1,true,,342,0,1,5,http://swa-kovacs-vm1.cs.univie.ac.at/apigate/enterprises/901/delivery-reports,14,0,0,null
1603711125984,25,UC4 receive order,200,HTTP/1.1 200,UC4 4-1,true,,127,0,1,5,http://swa-kovacs-vm1.cs.univie.ac.at/apigate/stores/201/orders/113,25,0,0,null
1603711126015,6,UC5 show stock report,200,HTTP/1.1 200,UC5 1-1,true,,384,0,1,5,http://swa-kovacs-vm1.cs.univie.ac.at/apigate/stores/200/stock-item-reports,6,0,0,null
1603711126016,6,UC7 change price,200,HTTP/1.1 200,UC7 2-1,true,,127,0,1,5,http://swa-kovacs-vm1.cs.univie.ac.at/apigate/stores/200/stockitems/300,6,0,0,null
1603711126241,11,UC3 order products,201,HTTP/1.1 201,UC3 3-1,true,,242,0,1,5,http://swa-kovacs-vm1.cs.univie.ac.at/apigate/stores/201/orders,11,0,0,null
1603711126305,19,UC6 delivery reports,200,HTTP/1.1 200,UC6 5-1,true,,342,0,1,5,http://swa-kovacs-vm1.cs.univie.ac.at/apigate/enterprises/901/delivery-reports,19,0,0,null
1603711126309,18,UC4 receive order,200,HTTP/1.1 200,UC4 4-1,true,,127,0,1,5,http://swa-kovacs-vm1.cs.univie.ac.at/apigate/stores/201/orders/113,18,0,0,null
1603711126321,7,UC5 show stock report,200,HTTP/1.1 200,UC5 1-1,true,,384,0,1,5,http://swa-kovacs-vm1.cs.univie.ac.at/apigate/stores/200/stock-item-reports,7,0,0,null
1603711126322,8,UC7 change price,200,HTTP/1.1 200,UC7 2-1,true,,127,0,1,5,http://swa-kovacs-vm1.cs.univie.ac.at/apigate/stores/200/stockitems/300,8,0,0,null
1603711126553,11,UC3 order products,201,HTTP/1.1 201,UC3 3-1,true,,242,0,1,5,http://swa-kovacs-vm1.cs.univie.ac.at/apigate/stores/201/orders,11,0,0,null
1603711126628,9,UC5 show stock report,200,HTTP/1.1 200,UC5 1-1,true,,384,0,1,5,http://swa-kovacs-vm1.cs.univie.ac.at/apigate/stores/200/stock-item-reports,9,0,0,null
1603711126630,8,UC7 change price,200,HTTP/1.1 200,UC7 2-1,true,,127,0,1,5,http://swa-kovacs-vm1.cs.univie.ac.at/apigate/stores/200/stockitems/300,8,0,0,null
1603711126624,17,UC6 delivery reports,200,HTTP/1.1 200,UC6 5-1,true,,342,0,1,5,http://swa-kovacs-vm1.cs.univie.ac.at/apigate/enterprises/901/delivery-reports,17,0,0,null
1603711126628,19,UC4 receive order,200,HTTP/1.1 200,UC4 4-1,true,,127,0,1,5,http://swa-kovacs-vm1.cs.univie.ac.at/apigate/stores/201/orders/113,19,0,0,null
1603711126864,11,UC3 order products,201,HTTP/1.1 201,UC3 3-1,true,,242,0,1,5,http://swa-kovacs-vm1.cs.univie.ac.at/apigate/stores/201/orders,11,0,0,null
1603711126938,7,UC7 change price,200,HTTP/1.1 200,UC7 2-1,true,,127,0,1,5,http://swa-kovacs-vm1.cs.univie.ac.at/apigate/stores/200/stockitems/300,7,0,0,null
1603711126937,8,UC5 show stock report,200,HTTP/1.1 200,UC5 1-1,true,,384,0,1,5,http://swa-kovacs-vm1.cs.univie.ac.at/apigate/stores/200/stock-item-reports,8,0,0,null
1603711126941,19,UC6 delivery reports,200,HTTP/1.1 200,UC6 5-1,true,,342,0,1,5,http://swa-kovacs-vm1.cs.univie.ac.at/apigate/enterprises/901/delivery-reports,19,0,0,null
1603711126948,15,UC4 receive order,200,HTTP/1.1 200,UC4 4-1,true,,127,0,1,5,http://swa-kovacs-vm1.cs.univie.ac.at/apigate/stores/201/orders/113,15,0,0,null
1603711127176,10,UC3 order products,201,HTTP/1.1 201,UC3 3-1,true,,242,0,1,5,http://swa-kovacs-vm1.cs.univie.ac.at/apigate/stores/201/orders,10,0,0,null
1603711127245,9,UC7 change price,200,HTTP/1.1 200,UC7 2-1,true,,127,0,1,5,http://swa-kovacs-vm1.cs.univie.ac.at/apigate/stores/200/stockitems/300,9,0,0,null
1603711127246,9,UC5 show stock report,200,HTTP/1.1 200,UC5 1-1,true,,384,0,1,5,http://swa-kovacs-vm1.cs.univie.ac.at/apigate/stores/200/stock-item-reports,8,0,0,null
1603711127264,14,UC4 receive order,200,HTTP/1.1 200,UC4 4-1,true,,127,0,1,5,http://swa-kovacs-vm1.cs.univie.ac.at/apigate/stores/201/orders/113,14,0,0,null
1603711127260,20,UC6 delivery reports,200,HTTP/1.1 200,UC6 5-1,true,,342,0,1,5,http://swa-kovacs-vm1.cs.univie.ac.at/apigate/enterprises/901/delivery-reports,20,0,0,null
1603711127487,9,UC3 order products,201,HTTP/1.1 201,UC3 3-1,true,,242,0,1,5,http://swa-kovacs-vm1.cs.univie.ac.at/apigate/stores/201/orders,8,0,0,null
1603711127555,8,UC7 change price,200,HTTP/1.1 200,UC7 2-1,true,,127,0,1,5,http://swa-kovacs-vm1.cs.univie.ac.at/apigate/stores/200/stockitems/300,8,0,0,null
1603711127555,8,UC5 show stock report,200,HTTP/1.1 200,UC5 1-1,true,,384,0,1,5,http://swa-kovacs-vm1.cs.univie.ac.at/apigate/stores/200/stock-item-reports,8,0,0,null
1603711127581,15,UC6 delivery reports,200,HTTP/1.1 200,UC6 5-1,true,,342,0,1,5,http://swa-kovacs-vm1.cs.univie.ac.at/apigate/enterprises/901/delivery-reports,15,0,0,null
1603711127578,19,UC4 receive order,200,HTTP/1.1 200,UC4 4-1,true,,127,0,1,5,http://swa-kovacs-vm1.cs.univie.ac.at/apigate/stores/201/orders/113,19,0,0,null
1603711127796,9,UC3 order products,201,HTTP/1.1 201,UC3 3-1,true,,242,0,1,5,http://swa-kovacs-vm1.cs.univie.ac.at/apigate/stores/201/orders,9,0,0,null
1603711127864,8,UC5 show stock report,200,HTTP/1.1 200,UC5 1-1,true,,384,0,1,5,http://swa-kovacs-vm1.cs.univie.ac.at/apigate/stores/200/stock-item-reports,7,0,0,null
1603711127863,10,UC7 change price,200,HTTP/1.1 200,UC7 2-1,true,,127,0,1,5,http://swa-kovacs-vm1.cs.univie.ac.at/apigate/stores/200/stockitems/300,10,0,0,null
1603711127896,13,UC6 delivery reports,200,HTTP/1.1 200,UC6 5-1,true,,342,0,1,5,http://swa-kovacs-vm1.cs.univie.ac.at/apigate/enterprises/901/delivery-reports,13,0,0,null
1603711127898,14,UC4 receive order,200,HTTP/1.1 200,UC4 4-1,true,,127,0,1,5,http://swa-kovacs-vm1.cs.univie.ac.at/apigate/stores/201/orders/113,14,0,0,null
1603711128106,9,UC3 order products,201,HTTP/1.1 201,UC3 3-1,true,,242,0,1,5,http://swa-kovacs-vm1.cs.univie.ac.at/apigate/stores/201/orders,9,0,0,null
1603711128172,6,UC5 show stock report,200,HTTP/1.1 200,UC5 1-1,true,,384,0,1,5,http://swa-kovacs-vm1.cs.univie.ac.at/apigate/stores/200/stock-item-reports,6,0,0,null
1603711128173,6,UC7 change price,200,HTTP/1.1 200,UC7 2-1,true,,127,0,1,5,http://swa-kovacs-vm1.cs.univie.ac.at/apigate/stores/200/stockitems/300,6,0,0,null
1603711128210,17,UC6 delivery reports,200,HTTP/1.1 200,UC6 5-1,true,,342,0,1,5,http://swa-kovacs-vm1.cs.univie.ac.at/apigate/enterprises/901/delivery-reports,17,0,0,null
1603711128212,20,UC4 receive order,200,HTTP/1.1 200,UC4 4-1,true,,127,0,1,5,http://swa-kovacs-vm1.cs.univie.ac.at/apigate/stores/201/orders/113,20,0,0,null
1603711128416,11,UC3 order products,201,HTTP/1.1 201,UC3 3-1,true,,242,0,1,5,http://swa-kovacs-vm1.cs.univie.ac.at/apigate/stores/201/orders,11,0,0,null
1603711128480,6,UC7 change price,200,HTTP/1.1 200,UC7 2-1,true,,127,0,1,5,http://swa-kovacs-vm1.cs.univie.ac.at/apigate/stores/200/stockitems/300,6,0,0,null
1603711128479,7,UC5 show stock report,200,HTTP/1.1 200,UC5 1-1,true,,384,0,1,5,http://swa-kovacs-vm1.cs.univie.ac.at/apigate/stores/200/stock-item-reports,7,0,0,null
1603711128527,22,UC6 delivery reports,200,HTTP/1.1 200,UC6 5-1,true,,342,0,1,5,http://swa-kovacs-vm1.cs.univie.ac.at/apigate/enterprises/901/delivery-reports,22,0,0,null
1603711128533,18,UC4 receive order,200,HTTP/1.1 200,UC4 4-1,true,,127,0,1,5,http://swa-kovacs-vm1.cs.univie.ac.at/apigate/stores/201/orders/113,18,0,0,null
1603711128727,13,UC3 order products,201,HTTP/1.1 201,UC3 3-1,true,,242,0,1,5,http://swa-kovacs-vm1.cs.univie.ac.at/apigate/stores/201/orders,13,0,0,null
1603711128787,7,UC5 show stock report,200,HTTP/1.1 200,UC5 1-1,true,,384,0,1,5,http://swa-kovacs-vm1.cs.univie.ac.at/apigate/stores/200/stock-item-reports,7,0,0,null
1603711128787,8,UC7 change price,200,HTTP/1.1 200,UC7 2-1,true,,127,0,1,5,http://swa-kovacs-vm1.cs.univie.ac.at/apigate/stores/200/stockitems/300,8,0,0,null
1603711128849,19,UC6 delivery reports,200,HTTP/1.1 200,UC6 5-1,true,,342,0,1,5,http://swa-kovacs-vm1.cs.univie.ac.at/apigate/enterprises/901/delivery-reports,17,0,0,null
1603711128852,17,UC4 receive order,200,HTTP/1.1 200,UC4 4-1,true,,127,0,1,5,http://swa-kovacs-vm1.cs.univie.ac.at/apigate/stores/201/orders/113,17,0,0,null
1603711129040,11,UC3 order products,201,HTTP/1.1 201,UC3 3-1,true,,242,0,1,5,http://swa-kovacs-vm1.cs.univie.ac.at/apigate/stores/201/orders,11,0,0,null
1603711129095,7,UC7 change price,200,HTTP/1.1 200,UC7 2-1,true,,127,0,1,5,http://swa-kovacs-vm1.cs.univie.ac.at/apigate/stores/200/stockitems/300,7,0,0,null
1603711129094,9,UC5 show stock report,200,HTTP/1.1 200,UC5 1-1,true,,384,0,1,5,http://swa-kovacs-vm1.cs.univie.ac.at/apigate/stores/200/stock-item-reports,9,0,0,null
1603711129169,17,UC4 receive order,200,HTTP/1.1 200,UC4 4-1,true,,127,0,1,5,http://swa-kovacs-vm1.cs.univie.ac.at/apigate/stores/201/orders/113,17,0,0,null
1603711129168,21,UC6 delivery reports,200,HTTP/1.1 200,UC6 5-1,true,,342,0,1,5,http://swa-kovacs-vm1.cs.univie.ac.at/apigate/enterprises/901/delivery-reports,21,0,0,null
1603711129351,11,UC3 order products,201,HTTP/1.1 201,UC3 3-1,true,,242,0,1,5,http://swa-kovacs-vm1.cs.univie.ac.at/apigate/stores/201/orders,11,0,0,null
1603711129404,6,UC5 show stock report,200,HTTP/1.1 200,UC5 1-1,true,,384,0,1,5,http://swa-kovacs-vm1.cs.univie.ac.at/apigate/stores/200/stock-item-reports,6,0,0,null
1603711129402,9,UC7 change price,200,HTTP/1.1 200,UC7 2-1,true,,127,0,1,5,http://swa-kovacs-vm1.cs.univie.ac.at/apigate/stores/200/stockitems/300,9,0,0,null
1603711129489,16,UC6 delivery reports,200,HTTP/1.1 200,UC6 5-1,true,,342,0,1,5,http://swa-kovacs-vm1.cs.univie.ac.at/apigate/enterprises/901/delivery-reports,16,0,0,null
1603711129486,20,UC4 receive order,200,HTTP/1.1 200,UC4 4-1,true,,127,0,1,5,http://swa-kovacs-vm1.cs.univie.ac.at/apigate/stores/201/orders/113,20,0,0,null
1603711129662,9,UC3 order products,201,HTTP/1.1 201,UC3 3-1,true,,242,0,1,5,http://swa-kovacs-vm1.cs.univie.ac.at/apigate/stores/201/orders,8,0,0,null
1603711129711,9,UC5 show stock report,200,HTTP/1.1 200,UC5 1-1,true,,384,0,1,5,http://swa-kovacs-vm1.cs.univie.ac.at/apigate/stores/200/stock-item-reports,9,0,0,null
1603711129711,10,UC7 change price,200,HTTP/1.1 200,UC7 2-1,true,,127,0,1,5,http://swa-kovacs-vm1.cs.univie.ac.at/apigate/stores/200/stockitems/300,10,0,0,null
1603711129806,14,UC6 delivery reports,200,HTTP/1.1 200,UC6 5-1,true,,342,0,1,5,http://swa-kovacs-vm1.cs.univie.ac.at/apigate/enterprises/901/delivery-reports,13,0,0,null
1603711129806,16,UC4 receive order,200,HTTP/1.1 200,UC4 4-1,true,,127,0,1,5,http://swa-kovacs-vm1.cs.univie.ac.at/apigate/stores/201/orders/113,16,0,0,null
1603711129971,10,UC3 order products,201,HTTP/1.1 201,UC3 3-1,true,,242,0,1,5,http://swa-kovacs-vm1.cs.univie.ac.at/apigate/stores/201/orders,10,0,0,null
1603711130021,6,UC5 show stock report,200,HTTP/1.1 200,UC5 1-1,true,,384,0,1,5,http://swa-kovacs-vm1.cs.univie.ac.at/apigate/stores/200/stock-item-reports,6,0,0,null
1603711130021,7,UC7 change price,200,HTTP/1.1 200,UC7 2-1,true,,127,0,1,5,http://swa-kovacs-vm1.cs.univie.ac.at/apigate/stores/200/stockitems/300,7,0,0,null
1603711130120,23,UC6 delivery reports,200,HTTP/1.1 200,UC6 5-1,true,,342,0,1,5,http://swa-kovacs-vm1.cs.univie.ac.at/apigate/enterprises/901/delivery-reports,22,0,0,null
1603711130122,21,UC4 receive order,200,HTTP/1.1 200,UC4 4-1,true,,127,0,1,5,http://swa-kovacs-vm1.cs.univie.ac.at/apigate/stores/201/orders/113,21,0,0,null
1603711130281,10,UC3 order products,201,HTTP/1.1 201,UC3 3-1,true,,242,0,1,5,http://swa-kovacs-vm1.cs.univie.ac.at/apigate/stores/201/orders,10,0,0,null
1603711130328,7,UC5 show stock report,200,HTTP/1.1 200,UC5 1-1,true,,384,0,1,5,http://swa-kovacs-vm1.cs.univie.ac.at/apigate/stores/200/stock-item-reports,7,0,0,null
1603711130328,8,UC7 change price,200,HTTP/1.1 200,UC7 2-1,true,,127,0,1,5,http://swa-kovacs-vm1.cs.univie.ac.at/apigate/stores/200/stockitems/300,8,0,0,null
1603711130443,14,UC6 delivery reports,200,HTTP/1.1 200,UC6 5-1,true,,342,0,1,5,http://swa-kovacs-vm1.cs.univie.ac.at/apigate/enterprises/901/delivery-reports,14,0,0,null
1603711130444,15,UC4 receive order,200,HTTP/1.1 200,UC4 4-1,true,,127,0,1,5,http://swa-kovacs-vm1.cs.univie.ac.at/apigate/stores/201/orders/113,15,0,0,null
1603711130592,8,UC3 order products,201,HTTP/1.1 201,UC3 3-1,true,,242,0,1,5,http://swa-kovacs-vm1.cs.univie.ac.at/apigate/stores/201/orders,8,0,0,null
1603711130636,7,UC7 change price,200,HTTP/1.1 200,UC7 2-1,true,,127,0,1,5,http://swa-kovacs-vm1.cs.univie.ac.at/apigate/stores/200/stockitems/300,7,0,0,null
1603711130636,8,UC5 show stock report,200,HTTP/1.1 200,UC5 1-1,true,,384,0,1,5,http://swa-kovacs-vm1.cs.univie.ac.at/apigate/stores/200/stock-item-reports,8,0,0,null
1603711130758,15,UC6 delivery reports,200,HTTP/1.1 200,UC6 5-1,true,,342,0,1,5,http://swa-kovacs-vm1.cs.univie.ac.at/apigate/enterprises/901/delivery-reports,15,0,0,null
1603711130759,15,UC4 receive order,200,HTTP/1.1 200,UC4 4-1,true,,127,0,1,5,http://swa-kovacs-vm1.cs.univie.ac.at/apigate/stores/201/orders/113,15,0,0,null
1603711130901,8,UC3 order products,201,HTTP/1.1 201,UC3 3-1,true,,242,0,1,5,http://swa-kovacs-vm1.cs.univie.ac.at/apigate/stores/201/orders,8,0,0,null
1603711130944,6,UC5 show stock report,200,HTTP/1.1 200,UC5 1-1,true,,384,0,1,5,http://swa-kovacs-vm1.cs.univie.ac.at/apigate/stores/200/stock-item-reports,6,0,0,null
1603711130943,7,UC7 change price,200,HTTP/1.1 200,UC7 2-1,true,,127,0,1,5,http://swa-kovacs-vm1.cs.univie.ac.at/apigate/stores/200/stockitems/300,7,0,0,null
1603711131073,17,UC6 delivery reports,200,HTTP/1.1 200,UC6 5-1,true,,342,0,1,5,http://swa-kovacs-vm1.cs.univie.ac.at/apigate/enterprises/901/delivery-reports,16,0,0,null
1603711131075,17,UC4 receive order,200,HTTP/1.1 200,UC4 4-1,true,,127,0,1,5,http://swa-kovacs-vm1.cs.univie.ac.at/apigate/stores/201/orders/113,17,0,0,null
1603711131209,9,UC3 order products,201,HTTP/1.1 201,UC3 3-1,true,,242,0,1,5,http://swa-kovacs-vm1.cs.univie.ac.at/apigate/stores/201/orders,9,0,0,null
1603711131250,7,UC7 change price,200,HTTP/1.1 200,UC7 2-1,true,,127,0,1,5,http://swa-kovacs-vm1.cs.univie.ac.at/apigate/stores/200/stockitems/300,7,0,0,null
1603711131250,8,UC5 show stock report,200,HTTP/1.1 200,UC5 1-1,true,,384,0,1,5,http://swa-kovacs-vm1.cs.univie.ac.at/apigate/stores/200/stock-item-reports,8,0,0,null
1603711131390,16,UC6 delivery reports,200,HTTP/1.1 200,UC6 5-1,true,,342,0,1,5,http://swa-kovacs-vm1.cs.univie.ac.at/apigate/enterprises/901/delivery-reports,15,0,0,null
1603711131392,15,UC4 receive order,200,HTTP/1.1 200,UC4 4-1,true,,127,0,1,5,http://swa-kovacs-vm1.cs.univie.ac.at/apigate/stores/201/orders/113,15,0,0,null
1603711131519,10,UC3 order products,201,HTTP/1.1 201,UC3 3-1,true,,242,0,1,5,http://swa-kovacs-vm1.cs.univie.ac.at/apigate/stores/201/orders,10,0,0,null
1603711131558,7,UC7 change price,200,HTTP/1.1 200,UC7 2-1,true,,127,0,1,5,http://swa-kovacs-vm1.cs.univie.ac.at/apigate/stores/200/stockitems/300,7,0,0,null
1603711131559,7,UC5 show stock report,200,HTTP/1.1 200,UC5 1-1,true,,384,0,1,5,http://swa-kovacs-vm1.cs.univie.ac.at/apigate/stores/200/stock-item-reports,7,0,0,null
1603711131706,23,UC6 delivery reports,200,HTTP/1.1 200,UC6 5-1,true,,342,0,1,5,http://swa-kovacs-vm1.cs.univie.ac.at/apigate/enterprises/901/delivery-reports,23,0,0,null
1603711131707,25,UC4 receive order,200,HTTP/1.1 200,UC4 4-1,true,,127,0,1,5,http://swa-kovacs-vm1.cs.univie.ac.at/apigate/stores/201/orders/113,25,0,0,null
1603711131829,11,UC3 order products,201,HTTP/1.1 201,UC3 3-1,true,,242,0,1,5,http://swa-kovacs-vm1.cs.univie.ac.at/apigate/stores/201/orders,11,0,0,null
1603711131865,8,UC7 change price,200,HTTP/1.1 200,UC7 2-1,true,,127,0,1,5,http://swa-kovacs-vm1.cs.univie.ac.at/apigate/stores/200/stockitems/300,8,0,0,null
1603711131866,10,UC5 show stock report,200,HTTP/1.1 200,UC5 1-1,true,,384,0,1,5,http://swa-kovacs-vm1.cs.univie.ac.at/apigate/stores/200/stock-item-reports,9,0,0,null
1603711132030,18,UC6 delivery reports,200,HTTP/1.1 200,UC6 5-1,true,,342,0,1,5,http://swa-kovacs-vm1.cs.univie.ac.at/apigate/enterprises/901/delivery-reports,18,0,0,null
1603711132032,16,UC4 receive order,200,HTTP/1.1 200,UC4 4-1,true,,127,0,1,5,http://swa-kovacs-vm1.cs.univie.ac.at/apigate/stores/201/orders/113,16,0,0,null
1603711132140,8,UC3 order products,201,HTTP/1.1 201,UC3 3-1,true,,242,0,1,5,http://swa-kovacs-vm1.cs.univie.ac.at/apigate/stores/201/orders,8,0,0,null
1603711132173,7,UC7 change price,200,HTTP/1.1 200,UC7 2-1,true,,127,0,1,5,http://swa-kovacs-vm1.cs.univie.ac.at/apigate/stores/200/stockitems/300,7,0,0,null
1603711132176,6,UC5 show stock report,200,HTTP/1.1 200,UC5 1-1,true,,384,0,1,5,http://swa-kovacs-vm1.cs.univie.ac.at/apigate/stores/200/stock-item-reports,6,0,0,null
1603711132349,16,UC4 receive order,200,HTTP/1.1 200,UC4 4-1,true,,127,0,1,5,http://swa-kovacs-vm1.cs.univie.ac.at/apigate/stores/201/orders/113,16,0,0,null
1603711132348,18,UC6 delivery reports,200,HTTP/1.1 200,UC6 5-1,true,,342,0,1,5,http://swa-kovacs-vm1.cs.univie.ac.at/apigate/enterprises/901/delivery-reports,18,0,0,null
1603711132449,8,UC3 order products,201,HTTP/1.1 201,UC3 3-1,true,,242,0,1,5,http://swa-kovacs-vm1.cs.univie.ac.at/apigate/stores/201/orders,8,0,0,null
1603711132480,6,UC7 change price,200,HTTP/1.1 200,UC7 2-1,true,,127,0,1,5,http://swa-kovacs-vm1.cs.univie.ac.at/apigate/stores/200/stockitems/300,6,0,0,null
1603711132482,5,UC5 show stock report,200,HTTP/1.1 200,UC5 1-1,true,,384,0,1,5,http://swa-kovacs-vm1.cs.univie.ac.at/apigate/stores/200/stock-item-reports,5,0,0,null
1603711132665,19,UC4 receive order,200,HTTP/1.1 200,UC4 4-1,true,,127,0,1,5,http://swa-kovacs-vm1.cs.univie.ac.at/apigate/stores/201/orders/113,19,0,0,null
1603711132667,19,UC6 delivery reports,200,HTTP/1.1 200,UC6 5-1,true,,342,0,1,5,http://swa-kovacs-vm1.cs.univie.ac.at/apigate/enterprises/901/delivery-reports,19,0,0,null
1603711132758,8,UC3 order products,201,HTTP/1.1 201,UC3 3-1,true,,242,0,1,5,http://swa-kovacs-vm1.cs.univie.ac.at/apigate/stores/201/orders,7,0,0,null
1603711132788,5,UC5 show stock report,200,HTTP/1.1 200,UC5 1-1,true,,384,0,1,5,http://swa-kovacs-vm1.cs.univie.ac.at/apigate/stores/200/stock-item-reports,5,0,0,null
1603711132787,8,UC7 change price,200,HTTP/1.1 200,UC7 2-1,true,,127,0,1,5,http://swa-kovacs-vm1.cs.univie.ac.at/apigate/stores/200/stockitems/300,8,0,0,null
1603711132985,17,UC4 receive order,200,HTTP/1.1 200,UC4 4-1,true,,127,0,1,5,http://swa-kovacs-vm1.cs.univie.ac.at/apigate/stores/201/orders/113,17,0,0,null
1603711132986,17,UC6 delivery reports,200,HTTP/1.1 200,UC6 5-1,true,,342,0,1,5,http://swa-kovacs-vm1.cs.univie.ac.at/apigate/enterprises/901/delivery-reports,17,0,0,null
1603711133066,8,UC3 order products,201,HTTP/1.1 201,UC3 3-1,true,,242,0,1,5,http://swa-kovacs-vm1.cs.univie.ac.at/apigate/stores/201/orders,8,0,0,null
1603711133094,6,UC5 show stock report,200,HTTP/1.1 200,UC5 1-1,true,,384,0,1,5,http://swa-kovacs-vm1.cs.univie.ac.at/apigate/stores/200/stock-item-reports,6,0,0,null
1603711133095,6,UC7 change price,200,HTTP/1.1 200,UC7 2-1,true,,127,0,1,5,http://swa-kovacs-vm1.cs.univie.ac.at/apigate/stores/200/stockitems/300,6,0,0,null
1603711133302,17,UC4 receive order,200,HTTP/1.1 200,UC4 4-1,true,,127,0,1,5,http://swa-kovacs-vm1.cs.univie.ac.at/apigate/stores/201/orders/113,17,0,0,null
1603711133303,16,UC6 delivery reports,200,HTTP/1.1 200,UC6 5-1,true,,342,0,1,5,http://swa-kovacs-vm1.cs.univie.ac.at/apigate/enterprises/901/delivery-reports,16,0,0,null
1603711133375,8,UC3 order products,201,HTTP/1.1 201,UC3 3-1,true,,242,0,1,5,http://swa-kovacs-vm1.cs.univie.ac.at/apigate/stores/201/orders,8,0,0,null
1603711133401,5,UC5 show stock report,200,HTTP/1.1 200,UC5 1-1,true,,384,0,1,5,http://swa-kovacs-vm1.cs.univie.ac.at/apigate/stores/200/stock-item-reports,5,0,0,null
1603711133402,5,UC7 change price,200,HTTP/1.1 200,UC7 2-1,true,,127,0,1,5,http://swa-kovacs-vm1.cs.univie.ac.at/apigate/stores/200/stockitems/300,5,0,0,null
1603711133619,17,UC4 receive order,200,HTTP/1.1 200,UC4 4-1,true,,127,0,1,5,http://swa-kovacs-vm1.cs.univie.ac.at/apigate/stores/201/orders/113,17,0,0,null
1603711133620,21,UC6 delivery reports,200,HTTP/1.1 200,UC6 5-1,true,,342,0,1,5,http://swa-kovacs-vm1.cs.univie.ac.at/apigate/enterprises/901/delivery-reports,21,0,0,null
1603711133683,10,UC3 order products,201,HTTP/1.1 201,UC3 3-1,true,,242,0,1,5,http://swa-kovacs-vm1.cs.univie.ac.at/apigate/stores/201/orders,10,0,0,null
1603711133707,7,UC5 show stock report,200,HTTP/1.1 200,UC5 1-1,true,,384,0,1,5,http://swa-kovacs-vm1.cs.univie.ac.at/apigate/stores/200/stock-item-reports,6,0,0,null
1603711133708,7,UC7 change price,200,HTTP/1.1 200,UC7 2-1,true,,127,0,1,5,http://swa-kovacs-vm1.cs.univie.ac.at/apigate/stores/200/stockitems/300,7,0,0,null
1603711133937,17,UC4 receive order,200,HTTP/1.1 200,UC4 4-1,true,,127,0,1,5,http://swa-kovacs-vm1.cs.univie.ac.at/apigate/stores/201/orders/113,17,0,0,null
1603711133941,17,UC6 delivery reports,200,HTTP/1.1 200,UC6 5-1,true,,342,0,1,5,http://swa-kovacs-vm1.cs.univie.ac.at/apigate/enterprises/901/delivery-reports,17,0,0,null
1603711133994,8,UC3 order products,201,HTTP/1.1 201,UC3 3-1,true,,242,0,1,5,http://swa-kovacs-vm1.cs.univie.ac.at/apigate/stores/201/orders,8,0,0,null
1603711134014,6,UC5 show stock report,200,HTTP/1.1 200,UC5 1-1,true,,384,0,1,5,http://swa-kovacs-vm1.cs.univie.ac.at/apigate/stores/200/stock-item-reports,6,0,0,null
1603711134015,6,UC7 change price,200,HTTP/1.1 200,UC7 2-1,true,,127,0,1,5,http://swa-kovacs-vm1.cs.univie.ac.at/apigate/stores/200/stockitems/300,6,0,0,null
1603711134254,18,UC4 receive order,200,HTTP/1.1 200,UC4 4-1,true,,127,0,1,5,http://swa-kovacs-vm1.cs.univie.ac.at/apigate/stores/201/orders/113,18,0,0,null
1603711134258,17,UC6 delivery reports,200,HTTP/1.1 200,UC6 5-1,true,,342,0,1,5,http://swa-kovacs-vm1.cs.univie.ac.at/apigate/enterprises/901/delivery-reports,17,0,0,null
1603711134302,9,UC3 order products,201,HTTP/1.1 201,UC3 3-1,true,,242,0,1,5,http://swa-kovacs-vm1.cs.univie.ac.at/apigate/stores/201/orders,9,0,0,null
1603711134320,6,UC5 show stock report,200,HTTP/1.1 200,UC5 1-1,true,,384,0,1,5,http://swa-kovacs-vm1.cs.univie.ac.at/apigate/stores/200/stock-item-reports,6,0,0,null
1603711134322,5,UC7 change price,200,HTTP/1.1 200,UC7 2-1,true,,127,0,1,5,http://swa-kovacs-vm1.cs.univie.ac.at/apigate/stores/200/stockitems/300,5,0,0,null
1603711134572,16,UC4 receive order,200,HTTP/1.1 200,UC4 4-1,true,,127,0,1,5,http://swa-kovacs-vm1.cs.univie.ac.at/apigate/stores/201/orders/113,16,0,0,null
1603711134576,17,UC6 delivery reports,200,HTTP/1.1 200,UC6 5-1,true,,342,0,1,5,http://swa-kovacs-vm1.cs.univie.ac.at/apigate/enterprises/901/delivery-reports,17,0,0,null
1603711134611,7,UC3 order products,201,HTTP/1.1 201,UC3 3-1,true,,242,0,1,5,http://swa-kovacs-vm1.cs.univie.ac.at/apigate/stores/201/orders,7,0,0,null
1603711134626,6,UC5 show stock report,200,HTTP/1.1 200,UC5 1-1,true,,384,0,1,5,http://swa-kovacs-vm1.cs.univie.ac.at/apigate/stores/200/stock-item-reports,6,0,0,null
1603711134627,5,UC7 change price,200,HTTP/1.1 200,UC7 2-1,true,,127,0,1,5,http://swa-kovacs-vm1.cs.univie.ac.at/apigate/stores/200/stockitems/300,5,0,0,null
1603711134889,16,UC4 receive order,200,HTTP/1.1 200,UC4 4-1,true,,127,0,1,5,http://swa-kovacs-vm1.cs.univie.ac.at/apigate/stores/201/orders/113,16,0,0,null
1603711134894,16,UC6 delivery reports,200,HTTP/1.1 200,UC6 5-1,true,,342,0,1,5,http://swa-kovacs-vm1.cs.univie.ac.at/apigate/enterprises/901/delivery-reports,15,0,0,null
1603711134918,7,UC3 order products,201,HTTP/1.1 201,UC3 3-1,true,,242,0,1,5,http://swa-kovacs-vm1.cs.univie.ac.at/apigate/stores/201/orders,7,0,0,null
1603711134932,6,UC5 show stock report,200,HTTP/1.1 200,UC5 1-1,true,,384,0,1,5,http://swa-kovacs-vm1.cs.univie.ac.at/apigate/stores/200/stock-item-reports,5,0,0,null
1603711134936,6,UC7 change price,200,HTTP/1.1 200,UC7 2-1,true,,127,0,1,5,http://swa-kovacs-vm1.cs.univie.ac.at/apigate/stores/200/stockitems/300,6,0,0,null
1603711135206,45,UC4 receive order,200,HTTP/1.1 200,UC4 4-1,true,,127,0,1,5,http://swa-kovacs-vm1.cs.univie.ac.at/apigate/stores/201/orders/113,45,0,0,null
1603711135210,43,UC6 delivery reports,200,HTTP/1.1 200,UC6 5-1,true,,342,0,1,5,http://swa-kovacs-vm1.cs.univie.ac.at/apigate/enterprises/901/delivery-reports,43,0,0,null
1603711135242,12,UC7 change price,200,HTTP/1.1 200,UC7 2-1,true,,127,0,1,5,http://swa-kovacs-vm1.cs.univie.ac.at/apigate/stores/200/stockitems/300,12,0,0,null
1603711135238,17,UC5 show stock report,200,HTTP/1.1 200,UC5 1-1,true,,384,0,1,5,http://swa-kovacs-vm1.cs.univie.ac.at/apigate/stores/200/stock-item-reports,17,0,0,null
1603711135226,32,UC3 order products,201,HTTP/1.1 201,UC3 3-1,true,,242,0,1,5,http://swa-kovacs-vm1.cs.univie.ac.at/apigate/stores/201/orders,32,0,0,null
1603711135554,8,UC7 change price,200,HTTP/1.1 200,UC7 2-1,true,,127,0,1,5,http://swa-kovacs-vm1.cs.univie.ac.at/apigate/stores/200/stockitems/300,8,0,0,null
1603711135556,6,UC5 show stock report,200,HTTP/1.1 200,UC5 1-1,true,,384,0,1,5,http://swa-kovacs-vm1.cs.univie.ac.at/apigate/stores/200/stock-item-reports,6,0,0,null
1603711135558,11,UC3 order products,201,HTTP/1.1 201,UC3 3-1,true,,242,0,1,5,http://swa-kovacs-vm1.cs.univie.ac.at/apigate/stores/201/orders,11,0,0,null
1603711135553,20,UC6 delivery reports,200,HTTP/1.1 200,UC6 5-1,true,,342,0,1,5,http://swa-kovacs-vm1.cs.univie.ac.at/apigate/enterprises/901/delivery-reports,20,0,0,null
1603711135552,24,UC4 receive order,200,HTTP/1.1 200,UC4 4-1,true,,127,0,1,5,http://swa-kovacs-vm1.cs.univie.ac.at/apigate/stores/201/orders/113,24,0,0,null
1603711135863,9,UC5 show stock report,200,HTTP/1.1 200,UC5 1-1,true,,384,0,1,5,http://swa-kovacs-vm1.cs.univie.ac.at/apigate/stores/200/stock-item-reports,8,0,0,null
1603711135862,10,UC7 change price,200,HTTP/1.1 200,UC7 2-1,true,,127,0,1,5,http://swa-kovacs-vm1.cs.univie.ac.at/apigate/stores/200/stockitems/300,10,0,0,null
1603711135869,8,UC3 order products,201,HTTP/1.1 201,UC3 3-1,true,,242,0,1,5,http://swa-kovacs-vm1.cs.univie.ac.at/apigate/stores/201/orders,8,0,0,null
1603711135873,17,UC6 delivery reports,200,HTTP/1.1 200,UC6 5-1,true,,342,0,1,5,http://swa-kovacs-vm1.cs.univie.ac.at/apigate/enterprises/901/delivery-reports,17,0,0,null
1603711135876,14,UC4 receive order,200,HTTP/1.1 200,UC4 4-1,true,,127,0,1,5,http://swa-kovacs-vm1.cs.univie.ac.at/apigate/stores/201/orders/113,14,0,0,null
1603711136173,7,UC7 change price,200,HTTP/1.1 200,UC7 2-1,true,,127,0,1,5,http://swa-kovacs-vm1.cs.univie.ac.at/apigate/stores/200/stockitems/300,7,0,0,null
1603711136172,9,UC5 show stock report,200,HTTP/1.1 200,UC5 1-1,true,,384,0,1,5,http://swa-kovacs-vm1.cs.univie.ac.at/apigate/stores/200/stock-item-reports,9,0,0,null
1603711136177,9,UC3 order products,201,HTTP/1.1 201,UC3 3-1,true,,242,0,1,5,http://swa-kovacs-vm1.cs.univie.ac.at/apigate/stores/201/orders,9,0,0,null
1603711136191,16,UC4 receive order,200,HTTP/1.1 200,UC4 4-1,true,,127,0,1,5,http://swa-kovacs-vm1.cs.univie.ac.at/apigate/stores/201/orders/113,16,0,0,null
1603711136191,17,UC6 delivery reports,200,HTTP/1.1 200,UC6 5-1,true,,342,0,1,5,http://swa-kovacs-vm1.cs.univie.ac.at/apigate/enterprises/901/delivery-reports,17,0,0,null
1603711136481,7,UC5 show stock report,200,HTTP/1.1 200,UC5 1-1,true,,384,0,1,5,http://swa-kovacs-vm1.cs.univie.ac.at/apigate/stores/200/stock-item-reports,7,0,0,null
1603711136481,8,UC7 change price,200,HTTP/1.1 200,UC7 2-1,true,,127,0,1,5,http://swa-kovacs-vm1.cs.univie.ac.at/apigate/stores/200/stockitems/300,8,0,0,null
1603711136486,12,UC3 order products,201,HTTP/1.1 201,UC3 3-1,true,,242,0,1,5,http://swa-kovacs-vm1.cs.univie.ac.at/apigate/stores/201/orders,12,0,0,null
1603711136508,14,UC4 receive order,200,HTTP/1.1 200,UC4 4-1,true,,127,0,1,5,http://swa-kovacs-vm1.cs.univie.ac.at/apigate/stores/201/orders/113,14,0,0,null
1603711136509,18,UC6 delivery reports,200,HTTP/1.1 200,UC6 5-1,true,,342,0,1,5,http://swa-kovacs-vm1.cs.univie.ac.at/apigate/enterprises/901/delivery-reports,18,0,0,null
1603711136789,6,UC5 show stock report,200,HTTP/1.1 200,UC5 1-1,true,,384,0,1,5,http://swa-kovacs-vm1.cs.univie.ac.at/apigate/stores/200/stock-item-reports,6,0,0,null
1603711136789,8,UC7 change price,200,HTTP/1.1 200,UC7 2-1,true,,127,0,1,5,http://swa-kovacs-vm1.cs.univie.ac.at/apigate/stores/200/stockitems/300,8,0,0,null
1603711136799,9,UC3 order products,201,HTTP/1.1 201,UC3 3-1,true,,242,0,1,5,http://swa-kovacs-vm1.cs.univie.ac.at/apigate/stores/201/orders,9,0,0,null
1603711136822,16,UC4 receive order,200,HTTP/1.1 200,UC4 4-1,true,,127,0,1,5,http://swa-kovacs-vm1.cs.univie.ac.at/apigate/stores/201/orders/113,16,0,0,null
1603711136827,17,UC6 delivery reports,200,HTTP/1.1 200,UC6 5-1,true,,342,0,1,5,http://swa-kovacs-vm1.cs.univie.ac.at/apigate/enterprises/901/delivery-reports,17,0,0,null
1603711137098,6,UC7 change price,200,HTTP/1.1 200,UC7 2-1,true,,127,0,1,5,http://swa-kovacs-vm1.cs.univie.ac.at/apigate/stores/200/stockitems/300,6,0,0,null
1603711137096,8,UC5 show stock report,200,HTTP/1.1 200,UC5 1-1,true,,384,0,1,5,http://swa-kovacs-vm1.cs.univie.ac.at/apigate/stores/200/stock-item-reports,8,0,0,null
1603711137108,8,UC3 order products,201,HTTP/1.1 201,UC3 3-1,true,,242,0,1,5,http://swa-kovacs-vm1.cs.univie.ac.at/apigate/stores/201/orders,8,0,0,null
1603711137138,16,UC4 receive order,200,HTTP/1.1 200,UC4 4-1,true,,127,0,1,5,http://swa-kovacs-vm1.cs.univie.ac.at/apigate/stores/201/orders/113,16,0,0,null
1603711137145,14,UC6 delivery reports,200,HTTP/1.1 200,UC6 5-1,true,,342,0,1,5,http://swa-kovacs-vm1.cs.univie.ac.at/apigate/enterprises/901/delivery-reports,14,0,0,null
1603711137404,8,UC7 change price,200,HTTP/1.1 200,UC7 2-1,true,,127,0,1,5,http://swa-kovacs-vm1.cs.univie.ac.at/apigate/stores/200/stockitems/300,8,0,0,null
1603711137405,8,UC5 show stock report,200,HTTP/1.1 200,UC5 1-1,true,,384,0,1,5,http://swa-kovacs-vm1.cs.univie.ac.at/apigate/stores/200/stock-item-reports,8,0,0,null
1603711137416,9,UC3 order products,201,HTTP/1.1 201,UC3 3-1,true,,242,0,1,5,http://swa-kovacs-vm1.cs.univie.ac.at/apigate/stores/201/orders,8,0,0,null
1603711137454,16,UC4 receive order,200,HTTP/1.1 200,UC4 4-1,true,,127,0,1,5,http://swa-kovacs-vm1.cs.univie.ac.at/apigate/stores/201/orders/113,16,0,0,null
1603711137459,15,UC6 delivery reports,200,HTTP/1.1 200,UC6 5-1,true,,342,0,1,5,http://swa-kovacs-vm1.cs.univie.ac.at/apigate/enterprises/901/delivery-reports,15,0,0,null
1603711137714,10,UC5 show stock report,200,HTTP/1.1 200,UC5 1-1,true,,384,0,1,5,http://swa-kovacs-vm1.cs.univie.ac.at/apigate/stores/200/stock-item-reports,10,0,0,null
1603711137713,11,UC7 change price,200,HTTP/1.1 200,UC7 2-1,true,,127,0,1,5,http://swa-kovacs-vm1.cs.univie.ac.at/apigate/stores/200/stockitems/300,11,0,0,null
1603711137725,9,UC3 order products,201,HTTP/1.1 201,UC3 3-1,true,,242,0,1,5,http://swa-kovacs-vm1.cs.univie.ac.at/apigate/stores/201/orders,9,0,0,null
1603711137771,16,UC4 receive order,200,HTTP/1.1 200,UC4 4-1,true,,127,0,1,5,http://swa-kovacs-vm1.cs.univie.ac.at/apigate/stores/201/orders/113,16,0,0,null
1603711137774,18,UC6 delivery reports,200,HTTP/1.1 200,UC6 5-1,true,,342,0,1,5,http://swa-kovacs-vm1.cs.univie.ac.at/apigate/enterprises/901/delivery-reports,18,0,0,null
1603711138025,11,UC7 change price,200,HTTP/1.1 200,UC7 2-1,true,,127,0,1,5,http://swa-kovacs-vm1.cs.univie.ac.at/apigate/stores/200/stockitems/300,11,0,0,null
1603711138024,14,UC5 show stock report,200,HTTP/1.1 200,UC5 1-1,true,,384,0,1,5,http://swa-kovacs-vm1.cs.univie.ac.at/apigate/stores/200/stock-item-reports,14,0,0,null
1603711138035,8,UC3 order products,201,HTTP/1.1 201,UC3 3-1,true,,242,0,1,5,http://swa-kovacs-vm1.cs.univie.ac.at/apigate/stores/201/orders,8,0,0,null
1603711138087,18,UC4 receive order,200,HTTP/1.1 200,UC4 4-1,true,,127,0,1,5,http://swa-kovacs-vm1.cs.univie.ac.at/apigate/stores/201/orders/113,18,0,0,null
1603711138093,24,UC6 delivery reports,200,HTTP/1.1 200,UC6 5-1,true,,342,0,1,5,http://swa-kovacs-vm1.cs.univie.ac.at/apigate/enterprises/901/delivery-reports,24,0,0,null
1603711138338,7,UC5 show stock report,200,HTTP/1.1 200,UC5 1-1,true,,384,0,1,5,http://swa-kovacs-vm1.cs.univie.ac.at/apigate/stores/200/stock-item-reports,7,0,0,null
1603711138336,11,UC7 change price,200,HTTP/1.1 200,UC7 2-1,true,,127,0,1,5,http://swa-kovacs-vm1.cs.univie.ac.at/apigate/stores/200/stockitems/300,11,0,0,null
1603711138344,8,UC3 order products,201,HTTP/1.1 201,UC3 3-1,true,,242,0,1,5,http://swa-kovacs-vm1.cs.univie.ac.at/apigate/stores/201/orders,8,0,0,null
1603711138406,18,UC4 receive order,200,HTTP/1.1 200,UC4 4-1,true,,127,0,1,5,http://swa-kovacs-vm1.cs.univie.ac.at/apigate/stores/201/orders/113,18,0,0,null
1603711138417,16,UC6 delivery reports,200,HTTP/1.1 200,UC6 5-1,true,,342,0,1,5,http://swa-kovacs-vm1.cs.univie.ac.at/apigate/enterprises/901/delivery-reports,15,0,0,null
1603711138647,6,UC7 change price,200,HTTP/1.1 200,UC7 2-1,true,,127,0,1,5,http://swa-kovacs-vm1.cs.univie.ac.at/apigate/stores/200/stockitems/300,6,0,0,null
1603711138646,8,UC5 show stock report,200,HTTP/1.1 200,UC5 1-1,true,,384,0,1,5,http://swa-kovacs-vm1.cs.univie.ac.at/apigate/stores/200/stock-item-reports,8,0,0,null
1603711138653,10,UC3 order products,201,HTTP/1.1 201,UC3 3-1,true,,242,0,1,5,http://swa-kovacs-vm1.cs.univie.ac.at/apigate/stores/201/orders,10,0,0,null
1603711138725,18,UC4 receive order,200,HTTP/1.1 200,UC4 4-1,true,,127,0,1,5,http://swa-kovacs-vm1.cs.univie.ac.at/apigate/stores/201/orders/113,18,0,0,null
1603711138733,15,UC6 delivery reports,200,HTTP/1.1 200,UC6 5-1,true,,342,0,1,5,http://swa-kovacs-vm1.cs.univie.ac.at/apigate/enterprises/901/delivery-reports,15,0,0,null
1603711138954,8,UC7 change price,200,HTTP/1.1 200,UC7 2-1,true,,127,0,1,5,http://swa-kovacs-vm1.cs.univie.ac.at/apigate/stores/200/stockitems/300,8,0,0,null
1603711138955,8,UC5 show stock report,200,HTTP/1.1 200,UC5 1-1,true,,384,0,1,5,http://swa-kovacs-vm1.cs.univie.ac.at/apigate/stores/200/stock-item-reports,7,0,0,null
1603711138964,9,UC3 order products,201,HTTP/1.1 201,UC3 3-1,true,,242,0,1,5,http://swa-kovacs-vm1.cs.univie.ac.at/apigate/stores/201/orders,9,0,0,null
1603711139044,19,UC4 receive order,200,HTTP/1.1 200,UC4 4-1,true,,127,0,1,5,http://swa-kovacs-vm1.cs.univie.ac.at/apigate/stores/201/orders/113,19,0,0,null
1603711139048,17,UC6 delivery reports,200,HTTP/1.1 200,UC6 5-1,true,,342,0,1,5,http://swa-kovacs-vm1.cs.univie.ac.at/apigate/enterprises/901/delivery-reports,17,0,0,null
1603711139263,8,UC7 change price,200,HTTP/1.1 200,UC7 2-1,true,,127,0,1,5,http://swa-kovacs-vm1.cs.univie.ac.at/apigate/stores/200/stockitems/300,8,0,0,null
1603711139264,8,UC5 show stock report,200,HTTP/1.1 200,UC5 1-1,true,,384,0,1,5,http://swa-kovacs-vm1.cs.univie.ac.at/apigate/stores/200/stock-item-reports,7,0,0,null
1603711139274,8,UC3 order products,201,HTTP/1.1 201,UC3 3-1,true,,242,0,1,5,http://swa-kovacs-vm1.cs.univie.ac.at/apigate/stores/201/orders,8,0,0,null
1603711139365,15,UC6 delivery reports,200,HTTP/1.1 200,UC6 5-1,true,,342,0,1,5,http://swa-kovacs-vm1.cs.univie.ac.at/apigate/enterprises/901/delivery-reports,15,0,0,null
1603711139364,16,UC4 receive order,200,HTTP/1.1 200,UC4 4-1,true,,127,0,1,5,http://swa-kovacs-vm1.cs.univie.ac.at/apigate/stores/201/orders/113,16,0,0,null
1603711139572,7,UC5 show stock report,200,HTTP/1.1 200,UC5 1-1,true,,379,0,1,5,http://swa-kovacs-vm1.cs.univie.ac.at/apigate/stores/200/stock-item-reports,7,0,0,null
1603711139571,9,UC7 change price,200,HTTP/1.1 200,UC7 2-1,true,,127,0,1,5,http://swa-kovacs-vm1.cs.univie.ac.at/apigate/stores/200/stockitems/300,9,0,0,null
1603711139582,8,UC3 order products,201,HTTP/1.1 201,UC3 3-1,true,,242,0,1,5,http://swa-kovacs-vm1.cs.univie.ac.at/apigate/stores/201/orders,8,0,0,null
1603711139680,16,UC6 delivery reports,200,HTTP/1.1 200,UC6 5-1,true,,342,0,1,5,http://swa-kovacs-vm1.cs.univie.ac.at/apigate/enterprises/901/delivery-reports,16,0,0,null
1603711139681,16,UC4 receive order,200,HTTP/1.1 200,UC4 4-1,true,,127,0,1,5,http://swa-kovacs-vm1.cs.univie.ac.at/apigate/stores/201/orders/113,16,0,0,null
1603711139880,8,UC5 show stock report,200,HTTP/1.1 200,UC5 1-1,true,,384,0,1,5,http://swa-kovacs-vm1.cs.univie.ac.at/apigate/stores/200/stock-item-reports,8,0,0,null
1603711139880,9,UC7 change price,200,HTTP/1.1 200,UC7 2-1,true,,127,0,1,5,http://swa-kovacs-vm1.cs.univie.ac.at/apigate/stores/200/stockitems/300,9,0,0,null
1603711139890,10,UC3 order products,201,HTTP/1.1 201,UC3 3-1,true,,242,0,1,5,http://swa-kovacs-vm1.cs.univie.ac.at/apigate/stores/201/orders,10,0,0,null
1603711139997,20,UC6 delivery reports,200,HTTP/1.1 200,UC6 5-1,true,,342,0,1,5,http://swa-kovacs-vm1.cs.univie.ac.at/apigate/enterprises/901/delivery-reports,20,0,0,null
1603711139997,23,UC4 receive order,200,HTTP/1.1 200,UC4 4-1,true,,127,0,1,5,http://swa-kovacs-vm1.cs.univie.ac.at/apigate/stores/201/orders/113,23,0,0,null
1603711140187,8,UC5 show stock report,200,HTTP/1.1 200,UC5 1-1,true,,384,0,1,5,http://swa-kovacs-vm1.cs.univie.ac.at/apigate/stores/200/stock-item-reports,8,0,0,null
1603711140188,16,UC7 change price,200,HTTP/1.1 200,UC7 2-1,true,,127,0,1,5,http://swa-kovacs-vm1.cs.univie.ac.at/apigate/stores/200/stockitems/300,16,0,0,null
1603711140200,8,UC3 order products,201,HTTP/1.1 201,UC3 3-1,true,,242,0,1,5,http://swa-kovacs-vm1.cs.univie.ac.at/apigate/stores/201/orders,8,0,0,null
1603711140319,18,UC4 receive order,200,HTTP/1.1 200,UC4 4-1,true,,127,0,1,5,http://swa-kovacs-vm1.cs.univie.ac.at/apigate/stores/201/orders/113,18,0,0,null
1603711140319,24,UC6 delivery reports,200,HTTP/1.1 200,UC6 5-1,true,,342,0,1,5,http://swa-kovacs-vm1.cs.univie.ac.at/apigate/enterprises/901/delivery-reports,24,0,0,null
1603711140496,7,UC5 show stock report,200,HTTP/1.1 200,UC5 1-1,true,,384,0,1,5,http://swa-kovacs-vm1.cs.univie.ac.at/apigate/stores/200/stock-item-reports,7,0,0,null
1603711140504,7,UC7 change price,200,HTTP/1.1 200,UC7 2-1,true,,127,0,1,5,http://swa-kovacs-vm1.cs.univie.ac.at/apigate/stores/200/stockitems/300,7,0,0,null
1603711140508,9,UC3 order products,201,HTTP/1.1 201,UC3 3-1,true,,242,0,1,5,http://swa-kovacs-vm1.cs.univie.ac.at/apigate/stores/201/orders,9,0,0,null
1603711140638,19,UC4 receive order,200,HTTP/1.1 200,UC4 4-1,true,,127,0,1,5,http://swa-kovacs-vm1.cs.univie.ac.at/apigate/stores/201/orders/113,19,0,0,null
1603711140643,18,UC6 delivery reports,200,HTTP/1.1 200,UC6 5-1,true,,342,0,1,5,http://swa-kovacs-vm1.cs.univie.ac.at/apigate/enterprises/901/delivery-reports,17,0,0,null
1603711140804,7,UC5 show stock report,200,HTTP/1.1 200,UC5 1-1,true,,384,0,1,5,http://swa-kovacs-vm1.cs.univie.ac.at/apigate/stores/200/stock-item-reports,7,0,0,null
1603711140811,12,UC7 change price,200,HTTP/1.1 200,UC7 2-1,true,,127,0,1,5,http://swa-kovacs-vm1.cs.univie.ac.at/apigate/stores/200/stockitems/300,12,0,0,null
1603711140817,9,UC3 order products,201,HTTP/1.1 201,UC3 3-1,true,,242,0,1,5,http://swa-kovacs-vm1.cs.univie.ac.at/apigate/stores/201/orders,9,0,0,null
1603711140958,17,UC4 receive order,200,HTTP/1.1 200,UC4 4-1,true,,127,0,1,5,http://swa-kovacs-vm1.cs.univie.ac.at/apigate/stores/201/orders/113,17,0,0,null
1603711140961,17,UC6 delivery reports,200,HTTP/1.1 200,UC6 5-1,true,,342,0,1,5,http://swa-kovacs-vm1.cs.univie.ac.at/apigate/enterprises/901/delivery-reports,17,0,0,null
1603711141111,7,UC5 show stock report,200,HTTP/1.1 200,UC5 1-1,true,,384,0,1,5,http://swa-kovacs-vm1.cs.univie.ac.at/apigate/stores/200/stock-item-reports,7,0,0,null
1603711141123,6,UC7 change price,200,HTTP/1.1 200,UC7 2-1,true,,127,0,1,5,http://swa-kovacs-vm1.cs.univie.ac.at/apigate/stores/200/stockitems/300,6,0,0,null
1603711141127,14,UC3 order products,201,HTTP/1.1 201,UC3 3-1,true,,242,0,1,5,http://swa-kovacs-vm1.cs.univie.ac.at/apigate/stores/201/orders,14,0,0,null
1603711141278,21,UC6 delivery reports,200,HTTP/1.1 200,UC6 5-1,true,,342,0,1,5,http://swa-kovacs-vm1.cs.univie.ac.at/apigate/enterprises/901/delivery-reports,20,0,0,null
1603711141275,25,UC4 receive order,200,HTTP/1.1 200,UC4 4-1,true,,127,0,1,5,http://swa-kovacs-vm1.cs.univie.ac.at/apigate/stores/201/orders/113,25,0,0,null
1603711141419,7,UC5 show stock report,200,HTTP/1.1 200,UC5 1-1,true,,384,0,1,5,http://swa-kovacs-vm1.cs.univie.ac.at/apigate/stores/200/stock-item-reports,7,0,0,null
1603711141429,7,UC7 change price,200,HTTP/1.1 200,UC7 2-1,true,,127,0,1,5,http://swa-kovacs-vm1.cs.univie.ac.at/apigate/stores/200/stockitems/300,7,0,0,null
1603711141442,10,UC3 order products,201,HTTP/1.1 201,UC3 3-1,true,,242,0,1,5,http://swa-kovacs-vm1.cs.univie.ac.at/apigate/stores/201/orders,9,0,0,null
1603711141599,16,UC6 delivery reports,200,HTTP/1.1 200,UC6 5-1,true,,342,0,1,5,http://swa-kovacs-vm1.cs.univie.ac.at/apigate/enterprises/901/delivery-reports,16,0,0,null
1603711141600,16,UC4 receive order,200,HTTP/1.1 200,UC4 4-1,true,,127,0,1,5,http://swa-kovacs-vm1.cs.univie.ac.at/apigate/stores/201/orders/113,16,0,0,null
1603711141727,7,UC5 show stock report,200,HTTP/1.1 200,UC5 1-1,true,,384,0,1,5,http://swa-kovacs-vm1.cs.univie.ac.at/apigate/stores/200/stock-item-reports,6,0,0,null
1603711141736,6,UC7 change price,200,HTTP/1.1 200,UC7 2-1,true,,127,0,1,5,http://swa-kovacs-vm1.cs.univie.ac.at/apigate/stores/200/stockitems/300,6,0,0,null
1603711141752,8,UC3 order products,201,HTTP/1.1 201,UC3 3-1,true,,242,0,1,5,http://swa-kovacs-vm1.cs.univie.ac.at/apigate/stores/201/orders,8,0,0,null
1603711141916,15,UC6 delivery reports,200,HTTP/1.1 200,UC6 5-1,true,,342,0,1,5,http://swa-kovacs-vm1.cs.univie.ac.at/apigate/enterprises/901/delivery-reports,15,0,0,null
1603711141916,18,UC4 receive order,200,HTTP/1.1 200,UC4 4-1,true,,127,0,1,5,http://swa-kovacs-vm1.cs.univie.ac.at/apigate/stores/201/orders/113,18,0,0,null
1603711142034,7,UC5 show stock report,200,HTTP/1.1 200,UC5 1-1,true,,384,0,1,5,http://swa-kovacs-vm1.cs.univie.ac.at/apigate/stores/200/stock-item-reports,7,0,0,null
1603711142042,6,UC7 change price,200,HTTP/1.1 200,UC7 2-1,true,,127,0,1,5,http://swa-kovacs-vm1.cs.univie.ac.at/apigate/stores/200/stockitems/300,6,0,0,null
1603711142061,8,UC3 order products,201,HTTP/1.1 201,UC3 3-1,true,,242,0,1,5,http://swa-kovacs-vm1.cs.univie.ac.at/apigate/stores/201/orders,8,0,0,null
1603711142232,21,UC6 delivery reports,200,HTTP/1.1 200,UC6 5-1,true,,342,0,1,5,http://swa-kovacs-vm1.cs.univie.ac.at/apigate/enterprises/901/delivery-reports,21,0,0,null
1603711142234,21,UC4 receive order,200,HTTP/1.1 200,UC4 4-1,true,,127,0,1,5,http://swa-kovacs-vm1.cs.univie.ac.at/apigate/stores/201/orders/113,21,0,0,null
1603711142341,8,UC5 show stock report,200,HTTP/1.1 200,UC5 1-1,true,,384,0,1,5,http://swa-kovacs-vm1.cs.univie.ac.at/apigate/stores/200/stock-item-reports,7,0,0,null
1603711142348,6,UC7 change price,200,HTTP/1.1 200,UC7 2-1,true,,127,0,1,5,http://swa-kovacs-vm1.cs.univie.ac.at/apigate/stores/200/stockitems/300,6,0,0,null
1603711142370,8,UC3 order products,201,HTTP/1.1 201,UC3 3-1,true,,242,0,1,5,http://swa-kovacs-vm1.cs.univie.ac.at/apigate/stores/201/orders,8,0,0,null
1603711142555,18,UC4 receive order,200,HTTP/1.1 200,UC4 4-1,true,,127,0,1,5,http://swa-kovacs-vm1.cs.univie.ac.at/apigate/stores/201/orders/113,18,0,0,null
1603711142554,21,UC6 delivery reports,200,HTTP/1.1 200,UC6 5-1,true,,342,0,1,5,http://swa-kovacs-vm1.cs.univie.ac.at/apigate/enterprises/901/delivery-reports,21,0,0,null
1603711142649,7,UC5 show stock report,200,HTTP/1.1 200,UC5 1-1,true,,384,0,1,5,http://swa-kovacs-vm1.cs.univie.ac.at/apigate/stores/200/stock-item-reports,6,0,0,null
1603711142655,5,UC7 change price,200,HTTP/1.1 200,UC7 2-1,true,,127,0,1,5,http://swa-kovacs-vm1.cs.univie.ac.at/apigate/stores/200/stockitems/300,5,0,0,null
1603711142678,9,UC3 order products,201,HTTP/1.1 201,UC3 3-1,true,,242,0,1,5,http://swa-kovacs-vm1.cs.univie.ac.at/apigate/stores/201/orders,9,0,0,null
1603711142875,15,UC6 delivery reports,200,HTTP/1.1 200,UC6 5-1,true,,342,0,1,5,http://swa-kovacs-vm1.cs.univie.ac.at/apigate/enterprises/901/delivery-reports,14,0,0,null
1603711142874,17,UC4 receive order,200,HTTP/1.1 200,UC4 4-1,true,,127,0,1,5,http://swa-kovacs-vm1.cs.univie.ac.at/apigate/stores/201/orders/113,17,0,0,null
1603711142957,6,UC5 show stock report,200,HTTP/1.1 200,UC5 1-1,true,,384,0,1,5,http://swa-kovacs-vm1.cs.univie.ac.at/apigate/stores/200/stock-item-reports,6,0,0,null
1603711142960,6,UC7 change price,200,HTTP/1.1 200,UC7 2-1,true,,127,0,1,5,http://swa-kovacs-vm1.cs.univie.ac.at/apigate/stores/200/stockitems/300,6,0,0,null
1603711142987,8,UC3 order products,201,HTTP/1.1 201,UC3 3-1,true,,242,0,1,5,http://swa-kovacs-vm1.cs.univie.ac.at/apigate/stores/201/orders,8,0,0,null
1603711143191,16,UC4 receive order,200,HTTP/1.1 200,UC4 4-1,true,,127,0,1,5,http://swa-kovacs-vm1.cs.univie.ac.at/apigate/stores/201/orders/113,16,0,0,null
1603711143190,19,UC6 delivery reports,200,HTTP/1.1 200,UC6 5-1,true,,342,0,1,5,http://swa-kovacs-vm1.cs.univie.ac.at/apigate/enterprises/901/delivery-reports,19,0,0,null
1603711143263,6,UC5 show stock report,200,HTTP/1.1 200,UC5 1-1,true,,384,0,1,5,http://swa-kovacs-vm1.cs.univie.ac.at/apigate/stores/200/stock-item-reports,6,0,0,null
1603711143266,5,UC7 change price,200,HTTP/1.1 200,UC7 2-1,true,,127,0,1,5,http://swa-kovacs-vm1.cs.univie.ac.at/apigate/stores/200/stockitems/300,5,0,0,null
1603711143295,9,UC3 order products,201,HTTP/1.1 201,UC3 3-1,true,,242,0,1,5,http://swa-kovacs-vm1.cs.univie.ac.at/apigate/stores/201/orders,8,0,0,null
1603711143507,19,UC4 receive order,200,HTTP/1.1 200,UC4 4-1,true,,127,0,1,5,http://swa-kovacs-vm1.cs.univie.ac.at/apigate/stores/201/orders/113,19,0,0,null
1603711143510,17,UC6 delivery reports,200,HTTP/1.1 200,UC6 5-1,true,,342,0,1,5,http://swa-kovacs-vm1.cs.univie.ac.at/apigate/enterprises/901/delivery-reports,17,0,0,null
1603711143570,6,UC5 show stock report,200,HTTP/1.1 200,UC5 1-1,true,,384,0,1,5,http://swa-kovacs-vm1.cs.univie.ac.at/apigate/stores/200/stock-item-reports,6,0,0,null
1603711143572,5,UC7 change price,200,HTTP/1.1 200,UC7 2-1,true,,127,0,1,5,http://swa-kovacs-vm1.cs.univie.ac.at/apigate/stores/200/stockitems/300,5,0,0,null
1603711143604,8,UC3 order products,201,HTTP/1.1 201,UC3 3-1,true,,242,0,1,5,http://swa-kovacs-vm1.cs.univie.ac.at/apigate/stores/201/orders,7,0,0,null
1603711143826,16,UC4 receive order,200,HTTP/1.1 200,UC4 4-1,true,,127,0,1,5,http://swa-kovacs-vm1.cs.univie.ac.at/apigate/stores/201/orders/113,16,0,0,null
1603711143827,17,UC6 delivery reports,200,HTTP/1.1 200,UC6 5-1,true,,342,0,1,5,http://swa-kovacs-vm1.cs.univie.ac.at/apigate/enterprises/901/delivery-reports,17,0,0,null
1603711143876,6,UC5 show stock report,200,HTTP/1.1 200,UC5 1-1,true,,384,0,1,5,http://swa-kovacs-vm1.cs.univie.ac.at/apigate/stores/200/stock-item-reports,6,0,0,null
1603711143878,5,UC7 change price,200,HTTP/1.1 200,UC7 2-1,true,,127,0,1,5,http://swa-kovacs-vm1.cs.univie.ac.at/apigate/stores/200/stockitems/300,5,0,0,null
1603711143912,8,UC3 order products,201,HTTP/1.1 201,UC3 3-1,true,,242,0,1,5,http://swa-kovacs-vm1.cs.univie.ac.at/apigate/stores/201/orders,8,0,0,null
1603711144143,16,UC4 receive order,200,HTTP/1.1 200,UC4 4-1,true,,127,0,1,5,http://swa-kovacs-vm1.cs.univie.ac.at/apigate/stores/201/orders/113,16,0,0,null
1603711144145,15,UC6 delivery reports,200,HTTP/1.1 200,UC6 5-1,true,,342,0,1,5,http://swa-kovacs-vm1.cs.univie.ac.at/apigate/enterprises/901/delivery-reports,15,0,0,null
1603711144182,6,UC5 show stock report,200,HTTP/1.1 200,UC5 1-1,true,,384,0,1,5,http://swa-kovacs-vm1.cs.univie.ac.at/apigate/stores/200/stock-item-reports,6,0,0,null
1603711144183,5,UC7 change price,200,HTTP/1.1 200,UC7 2-1,true,,127,0,1,5,http://swa-kovacs-vm1.cs.univie.ac.at/apigate/stores/200/stockitems/300,5,0,0,null
1603711144220,7,UC3 order products,201,HTTP/1.1 201,UC3 3-1,true,,242,0,1,5,http://swa-kovacs-vm1.cs.univie.ac.at/apigate/stores/201/orders,7,0,0,null
1603711144460,20,UC6 delivery reports,200,HTTP/1.1 200,UC6 5-1,true,,342,0,1,5,http://swa-kovacs-vm1.cs.univie.ac.at/apigate/enterprises/901/delivery-reports,20,0,0,null
1603711144459,23,UC4 receive order,200,HTTP/1.1 200,UC4 4-1,true,,127,0,1,5,http://swa-kovacs-vm1.cs.univie.ac.at/apigate/stores/201/orders/113,23,0,0,null
1603711144488,7,UC5 show stock report,200,HTTP/1.1 200,UC5 1-1,true,,384,0,1,5,http://swa-kovacs-vm1.cs.univie.ac.at/apigate/stores/200/stock-item-reports,7,0,0,null
1603711144489,7,UC7 change price,200,HTTP/1.1 200,UC7 2-1,true,,127,0,1,5,http://swa-kovacs-vm1.cs.univie.ac.at/apigate/stores/200/stockitems/300,7,0,0,null
1603711144527,8,UC3 order products,201,HTTP/1.1 201,UC3 3-1,true,,242,0,1,5,http://swa-kovacs-vm1.cs.univie.ac.at/apigate/stores/201/orders,7,0,0,null
1603711144782,18,UC4 receive order,200,HTTP/1.1 200,UC4 4-1,true,,127,0,1,5,http://swa-kovacs-vm1.cs.univie.ac.at/apigate/stores/201/orders/113,18,0,0,null
1603711144781,19,UC6 delivery reports,200,HTTP/1.1 200,UC6 5-1,true,,342,0,1,5,http://swa-kovacs-vm1.cs.univie.ac.at/apigate/enterprises/901/delivery-reports,18,0,0,null
1603711144796,7,UC7 change price,200,HTTP/1.1 200,UC7 2-1,true,,127,0,1,5,http://swa-kovacs-vm1.cs.univie.ac.at/apigate/stores/200/stockitems/300,7,0,0,null
1603711144795,11,UC5 show stock report,200,HTTP/1.1 200,UC5 1-1,true,,384,0,1,5,http://swa-kovacs-vm1.cs.univie.ac.at/apigate/stores/200/stock-item-reports,11,0,0,null
1603711144835,11,UC3 order products,201,HTTP/1.1 201,UC3 3-1,true,,242,0,1,5,http://swa-kovacs-vm1.cs.univie.ac.at/apigate/stores/201/orders,10,0,0,null
1603711145106,7,UC5 show stock report,200,HTTP/1.1 200,UC5 1-1,true,,384,0,1,5,http://swa-kovacs-vm1.cs.univie.ac.at/apigate/stores/200/stock-item-reports,7,0,0,null
1603711145100,19,UC4 receive order,200,HTTP/1.1 200,UC4 4-1,true,,127,0,1,5,http://swa-kovacs-vm1.cs.univie.ac.at/apigate/stores/201/orders/113,19,0,0,null
1603711145104,25,UC7 change price,200,HTTP/1.1 200,UC7 2-1,true,,127,0,1,5,http://swa-kovacs-vm1.cs.univie.ac.at/apigate/stores/200/stockitems/300,25,0,0,null
1603711145101,32,UC6 delivery reports,200,HTTP/1.1 200,UC6 5-1,true,,342,0,1,5,http://swa-kovacs-vm1.cs.univie.ac.at/apigate/enterprises/901/delivery-reports,32,0,0,null
1603711145146,8,UC3 order products,201,HTTP/1.1 201,UC3 3-1,true,,242,0,1,5,http://swa-kovacs-vm1.cs.univie.ac.at/apigate/stores/201/orders,8,0,0,null
1603711145413,7,UC5 show stock report,200,HTTP/1.1 200,UC5 1-1,true,,384,0,1,5,http://swa-kovacs-vm1.cs.univie.ac.at/apigate/stores/200/stock-item-reports,7,0,0,null
1603711145419,17,UC4 receive order,200,HTTP/1.1 200,UC4 4-1,true,,127,0,1,5,http://swa-kovacs-vm1.cs.univie.ac.at/apigate/stores/201/orders/113,17,0,0,null
1603711145430,6,UC7 change price,200,HTTP/1.1 200,UC7 2-1,true,,127,0,1,5,http://swa-kovacs-vm1.cs.univie.ac.at/apigate/stores/200/stockitems/300,6,0,0,null
1603711145433,13,UC6 delivery reports,200,HTTP/1.1 200,UC6 5-1,true,,342,0,1,5,http://swa-kovacs-vm1.cs.univie.ac.at/apigate/enterprises/901/delivery-reports,13,0,0,null
1603711145455,7,UC3 order products,201,HTTP/1.1 201,UC3 3-1,true,,242,0,1,5,http://swa-kovacs-vm1.cs.univie.ac.at/apigate/stores/201/orders,7,0,0,null
1603711145720,7,UC5 show stock report,200,HTTP/1.1 200,UC5 1-1,true,,384,0,1,5,http://swa-kovacs-vm1.cs.univie.ac.at/apigate/stores/200/stock-item-reports,7,0,0,null
1603711145737,6,UC7 change price,200,HTTP/1.1 200,UC7 2-1,true,,127,0,1,5,http://swa-kovacs-vm1.cs.univie.ac.at/apigate/stores/200/stockitems/300,6,0,0,null
1603711145736,17,UC4 receive order,200,HTTP/1.1 200,UC4 4-1,true,,127,0,1,5,http://swa-kovacs-vm1.cs.univie.ac.at/apigate/stores/201/orders/113,17,0,0,null
1603711145746,15,UC6 delivery reports,200,HTTP/1.1 200,UC6 5-1,true,,342,0,1,5,http://swa-kovacs-vm1.cs.univie.ac.at/apigate/enterprises/901/delivery-reports,15,0,0,null
1603711145762,6,UC3 order products,201,HTTP/1.1 201,UC3 3-1,true,,242,0,1,5,http://swa-kovacs-vm1.cs.univie.ac.at/apigate/stores/201/orders,6,0,0,null
1603711146027,8,UC5 show stock report,200,HTTP/1.1 200,UC5 1-1,true,,384,0,1,5,http://swa-kovacs-vm1.cs.univie.ac.at/apigate/stores/200/stock-item-reports,7,0,0,null
1603711146044,5,UC7 change price,200,HTTP/1.1 200,UC7 2-1,true,,127,0,1,5,http://swa-kovacs-vm1.cs.univie.ac.at/apigate/stores/200/stockitems/300,5,0,0,null
1603711146053,18,UC4 receive order,200,HTTP/1.1 200,UC4 4-1,true,,127,0,1,5,http://swa-kovacs-vm1.cs.univie.ac.at/apigate/stores/201/orders/113,18,0,0,null
1603711146069,7,UC3 order products,201,HTTP/1.1 201,UC3 3-1,true,,242,0,1,5,http://swa-kovacs-vm1.cs.univie.ac.at/apigate/stores/201/orders,7,0,0,null
1603711146062,16,UC6 delivery reports,200,HTTP/1.1 200,UC6 5-1,true,,342,0,1,5,http://swa-kovacs-vm1.cs.univie.ac.at/apigate/enterprises/901/delivery-reports,16,0,0,null
1603711146335,7,UC5 show stock report,200,HTTP/1.1 200,UC5 1-1,true,,384,0,1,5,http://swa-kovacs-vm1.cs.univie.ac.at/apigate/stores/200/stock-item-reports,7,0,0,null
1603711146349,6,UC7 change price,200,HTTP/1.1 200,UC7 2-1,true,,127,0,1,5,http://swa-kovacs-vm1.cs.univie.ac.at/apigate/stores/200/stockitems/300,6,0,0,null
1603711146376,7,UC3 order products,201,HTTP/1.1 201,UC3 3-1,true,,242,0,1,5,http://swa-kovacs-vm1.cs.univie.ac.at/apigate/stores/201/orders,7,0,0,null
1603711146372,16,UC4 receive order,200,HTTP/1.1 200,UC4 4-1,true,,127,0,1,5,http://swa-kovacs-vm1.cs.univie.ac.at/apigate/stores/201/orders/113,16,0,0,null
1603711146378,15,UC6 delivery reports,200,HTTP/1.1 200,UC6 5-1,true,,342,0,1,5,http://swa-kovacs-vm1.cs.univie.ac.at/apigate/enterprises/901/delivery-reports,15,0,0,null
1603711146643,7,UC5 show stock report,200,HTTP/1.1 200,UC5 1-1,true,,384,0,1,5,http://swa-kovacs-vm1.cs.univie.ac.at/apigate/stores/200/stock-item-reports,7,0,0,null
1603711146655,6,UC7 change price,200,HTTP/1.1 200,UC7 2-1,true,,127,0,1,5,http://swa-kovacs-vm1.cs.univie.ac.at/apigate/stores/200/stockitems/300,6,0,0,null
1603711146683,9,UC3 order products,201,HTTP/1.1 201,UC3 3-1,true,,242,0,1,5,http://swa-kovacs-vm1.cs.univie.ac.at/apigate/stores/201/orders,9,0,0,null
1603711146689,13,UC4 receive order,200,HTTP/1.1 200,UC4 4-1,true,,127,0,1,5,http://swa-kovacs-vm1.cs.univie.ac.at/apigate/stores/201/orders/113,13,0,0,null
1603711146694,15,UC6 delivery reports,200,HTTP/1.1 200,UC6 5-1,true,,342,0,1,5,http://swa-kovacs-vm1.cs.univie.ac.at/apigate/enterprises/901/delivery-reports,15,0,0,null
1603711146950,7,UC5 show stock report,200,HTTP/1.1 200,UC5 1-1,true,,384,0,1,5,http://swa-kovacs-vm1.cs.univie.ac.at/apigate/stores/200/stock-item-reports,7,0,0,null
1603711146962,6,UC7 change price,200,HTTP/1.1 200,UC7 2-1,true,,127,0,1,5,http://swa-kovacs-vm1.cs.univie.ac.at/apigate/stores/200/stockitems/300,6,0,0,null
1603711146992,9,UC3 order products,201,HTTP/1.1 201,UC3 3-1,true,,242,0,1,5,http://swa-kovacs-vm1.cs.univie.ac.at/apigate/stores/201/orders,9,0,0,null
1603711147003,13,UC4 receive order,200,HTTP/1.1 200,UC4 4-1,true,,127,0,1,5,http://swa-kovacs-vm1.cs.univie.ac.at/apigate/stores/201/orders/113,13,0,0,null
1603711147010,16,UC6 delivery reports,200,HTTP/1.1 200,UC6 5-1,true,,342,0,1,5,http://swa-kovacs-vm1.cs.univie.ac.at/apigate/enterprises/901/delivery-reports,16,0,0,null
1603711147258,6,UC5 show stock report,200,HTTP/1.1 200,UC5 1-1,true,,384,0,1,5,http://swa-kovacs-vm1.cs.univie.ac.at/apigate/stores/200/stock-item-reports,6,0,0,null
1603711147268,7,UC7 change price,200,HTTP/1.1 200,UC7 2-1,true,,127,0,1,4,http://swa-kovacs-vm1.cs.univie.ac.at/apigate/stores/200/stockitems/300,7,0,0,null
1603711147301,8,UC3 order products,201,HTTP/1.1 201,UC3 3-1,true,,242,0,1,3,http://swa-kovacs-vm1.cs.univie.ac.at/apigate/stores/201/orders,7,0,0,null
1603711147316,13,UC4 receive order,200,HTTP/1.1 200,UC4 4-1,true,,127,0,1,3,http://swa-kovacs-vm1.cs.univie.ac.at/apigate/stores/201/orders/113,13,0,0,null
1603711147326,18,UC6 delivery reports,200,HTTP/1.1 200,UC6 5-1,true,,342,0,1,3,http://swa-kovacs-vm1.cs.univie.ac.at/apigate/enterprises/901/delivery-reports,18,0,0,null
1603711147609,8,UC3 order products,201,HTTP/1.1 201,UC3 3-1,true,,242,0,1,3,http://swa-kovacs-vm1.cs.univie.ac.at/apigate/stores/201/orders,8,0,0,null
1603711147629,14,UC4 receive order,200,HTTP/1.1 200,UC4 4-1,true,,127,0,1,3,http://swa-kovacs-vm1.cs.univie.ac.at/apigate/stores/201/orders/113,14,0,0,null
1603711147645,14,UC6 delivery reports,200,HTTP/1.1 200,UC6 5-1,true,,342,0,1,3,http://swa-kovacs-vm1.cs.univie.ac.at/apigate/enterprises/901/delivery-reports,14,0,0,null
1603711147918,8,UC3 order products,201,HTTP/1.1 201,UC3 3-1,true,,242,0,1,3,http://swa-kovacs-vm1.cs.univie.ac.at/apigate/stores/201/orders,8,0,0,null
1603711147944,14,UC4 receive order,200,HTTP/1.1 200,UC4 4-1,true,,127,0,1,2,http://swa-kovacs-vm1.cs.univie.ac.at/apigate/stores/201/orders/113,14,0,0,null
1603711147960,16,UC6 delivery reports,200,HTTP/1.1 200,UC6 5-1,true,,342,0,1,2,http://swa-kovacs-vm1.cs.univie.ac.at/apigate/enterprises/901/delivery-reports,16,0,0,null
1603711148258,18,UC4 receive order,200,HTTP/1.1 200,UC4 4-1,true,,127,0,1,2,http://swa-kovacs-vm1.cs.univie.ac.at/apigate/stores/201/orders/113,18,0,0,null
1603711148276,33,UC6 delivery reports,200,HTTP/1.1 200,UC6 5-1,true,,342,0,1,2,http://swa-kovacs-vm1.cs.univie.ac.at/apigate/enterprises/901/delivery-reports,33,0,0,null
1603711148576,23,UC4 receive order,200,HTTP/1.1 200,UC4 4-1,true,,127,0,1,2,http://swa-kovacs-vm1.cs.univie.ac.at/apigate/stores/201/orders/113,23,0,0,null
1603711148610,16,UC6 delivery reports,200,HTTP/1.1 200,UC6 5-1,true,,342,0,1,2,http://swa-kovacs-vm1.cs.univie.ac.at/apigate/enterprises/901/delivery-reports,16,0,0,null
1603711148899,17,UC4 receive order,200,HTTP/1.1 200,UC4 4-1,true,,127,0,1,2,http://swa-kovacs-vm1.cs.univie.ac.at/apigate/stores/201/orders/113,17,0,0,null
1603711148926,16,UC6 delivery reports,200,HTTP/1.1 200,UC6 5-1,true,,342,0,1,2,http://swa-kovacs-vm1.cs.univie.ac.at/apigate/enterprises/901/delivery-reports,16,0,0,null
1603711149216,19,UC4 receive order,200,HTTP/1.1 200,UC4 4-1,true,,127,0,1,2,http://swa-kovacs-vm1.cs.univie.ac.at/apigate/stores/201/orders/113,19,0,0,null
1603711149243,20,UC6 delivery reports,200,HTTP/1.1 200,UC6 5-1,true,,342,0,1,2,http://swa-kovacs-vm1.cs.univie.ac.at/apigate/enterprises/901/delivery-reports,20,0,0,null
1603711149535,18,UC4 receive order,200,HTTP/1.1 200,UC4 4-1,true,,127,0,1,2,http://swa-kovacs-vm1.cs.univie.ac.at/apigate/stores/201/orders/113,18,0,0,null
1603711149563,17,UC6 delivery reports,200,HTTP/1.1 200,UC6 5-1,true,,342,0,1,2,http://swa-kovacs-vm1.cs.univie.ac.at/apigate/enterprises/901/delivery-reports,17,0,0,null
1603711149853,18,UC4 receive order,200,HTTP/1.1 200,UC4 4-1,true,,127,0,1,2,http://swa-kovacs-vm1.cs.univie.ac.at/apigate/stores/201/orders/113,18,0,0,null
1603711149881,18,UC6 delivery reports,200,HTTP/1.1 200,UC6 5-1,true,,342,0,1,2,http://swa-kovacs-vm1.cs.univie.ac.at/apigate/enterprises/901/delivery-reports,18,0,0,null
1603711150172,17,UC4 receive order,200,HTTP/1.1 200,UC4 4-1,true,,127,0,1,2,http://swa-kovacs-vm1.cs.univie.ac.at/apigate/stores/201/orders/113,17,0,0,null
1603711150200,18,UC6 delivery reports,200,HTTP/1.1 200,UC6 5-1,true,,342,0,1,1,http://swa-kovacs-vm1.cs.univie.ac.at/apigate/enterprises/901/delivery-reports,18,0,0,null
